
=== A7 plethysm sub-frame, n = 5 ===

--- Sym^k(Sym^d C^5) decomposition into GL_5 irreps S_lambda ---

  Sym^1(Sym^1 C^5):  total deg = 1
      lambda=(1,)                  mult=1

  Sym^2(Sym^1 C^5):  total deg = 2
      lambda=(2,)                  mult=1

  Sym^3(Sym^1 C^5):  total deg = 3
      lambda=(3,)                  mult=1

  Sym^1(Sym^2 C^5):  total deg = 2
      lambda=(2,)                  mult=1

  Sym^2(Sym^2 C^5):  total deg = 4
      lambda=(2, 2)                mult=1
      lambda=(4,)                  mult=1

  Sym^3(Sym^2 C^5):  total deg = 6
      lambda=(2, 2, 2)             mult=1
      lambda=(4, 2)                mult=1
      lambda=(6,)                  mult=1

--- Tangent-space dim of GL_5-orbit of f_chi_P^(5) ---
  f_chi_P^(5) = x1*x2*x3*x4*x5 + x1*x2*x3*x5 + x1*x2*x3 + x1*x2*x4 + x1*x2*x5 + x1*x2 + x1*x3*x4*x5 + x1*x3*x4 + x1*x3 + x1*x5 + x2
  Tangent-dim per homogeneous degree:
    deg 1: tangent_dim = 5, ambient_dim = 5, is_full = True, n_missing_weights = 0
    deg 2: tangent_dim = 9, ambient_dim = 15, is_full = False, n_missing_weights = 1
      missing weights: [(0, 0, 0, 2, 0)]
    deg 3: tangent_dim = 18, ambient_dim = 35, is_full = False, n_missing_weights = 9
    deg 4: tangent_dim = 17, ambient_dim = 70, is_full = False, n_missing_weights = 44
    deg 5: tangent_dim = 21, ambient_dim = 126, is_full = False, n_missing_weights = 105

--- Tangent-space dim of comparison polynomials at n=5 ---
  e_1: {1: {'tangent_dim': 5, 'ambient_dim': 5, 'is_full': True, 'weights_seen': [(0, 0, 0, 0, 1), (0, 0, 0, 1, 0), (0, 0, 1, 0, 0), (0, 1, 0, 0, 0), (1, 0, 0, 0, 0)], 'n_missing_weights': 0, 'missing_weights': []}}
  e_2: {2: {'tangent_dim': 15, 'ambient_dim': 15, 'is_full': True, 'weights_seen': [(0, 0, 0, 0, 2), (0, 0, 0, 1, 1), (0, 0, 0, 2, 0), (0, 0, 1, 0, 1), (0, 0, 1, 1, 0), (0, 0, 2, 0, 0), (0, 1, 0, 0, 1), (0, 1, 0, 1, 0), (0, 1, 1, 0, 0), (0, 2, 0, 0, 0), (1, 0, 0, 0, 1), (1, 0, 0, 1, 0), (1, 0, 1, 0, 0), (1, 1, 0, 0, 0), (2, 0, 0, 0, 0)], 'n_missing_weights': 0, 'missing_weights': []}}
  e_3: {3: {'tangent_dim': 25, 'ambient_dim': 35, 'is_full': False, 'weights_seen': [(0, 0, 0, 1, 2), (0, 0, 0, 2, 1), (0, 0, 1, 0, 2), (0, 0, 1, 1, 1), (0, 0, 1, 2, 0), (0, 0, 2, 0, 1), (0, 0, 2, 1, 0), (0, 1, 0, 0, 2), (0, 1, 0, 1, 1), (0, 1, 0, 2, 0), (0, 1, 1, 0, 1), (0, 1, 1, 1, 0), (0, 1, 2, 0, 0), (0, 2, 0, 0, 1), (0, 2, 0, 1, 0), (0, 2, 1, 0, 0), (1, 0, 0, 0, 2), (1, 0, 0, 1, 1), (1, 0, 0, 2, 0), (1, 0, 1, 0, 1), (1, 0, 1, 1, 0), (1, 0, 2, 0, 0), (1, 1, 0, 0, 1), (1, 1, 0, 1, 0), (1, 1, 1, 0, 0), (1, 2, 0, 0, 0), (2, 0, 0, 0, 1), (2, 0, 0, 1, 0), (2, 0, 1, 0, 0), (2, 1, 0, 0, 0)], 'n_missing_weights': 5, 'missing_weights': [(0, 0, 0, 0, 3), (0, 0, 0, 3, 0), (0, 0, 3, 0, 0), (0, 3, 0, 0, 0), (3, 0, 0, 0, 0)]}}
  e_4: {4: {'tangent_dim': 25, 'ambient_dim': 70, 'is_full': False, 'weights_seen': [(0, 0, 1, 1, 2), (0, 0, 1, 2, 1), (0, 0, 2, 1, 1), (0, 1, 0, 1, 2), (0, 1, 0, 2, 1), (0, 1, 1, 0, 2), (0, 1, 1, 1, 1), (0, 1, 1, 2, 0), (0, 1, 2, 0, 1), (0, 1, 2, 1, 0), (0, 2, 0, 1, 1), (0, 2, 1, 0, 1), (0, 2, 1, 1, 0), (1, 0, 0, 1, 2), (1, 0, 0, 2, 1), (1, 0, 1, 0, 2), (1, 0, 1, 1, 1), (1, 0, 1, 2, 0), (1, 0, 2, 0, 1), (1, 0, 2, 1, 0), (1, 1, 0, 0, 2), (1, 1, 0, 1, 1), (1, 1, 0, 2, 0), (1, 1, 1, 0, 1), (1, 1, 1, 1, 0), (1, 1, 2, 0, 0), (1, 2, 0, 0, 1), (1, 2, 0, 1, 0), (1, 2, 1, 0, 0), (2, 0, 0, 1, 1), (2, 0, 1, 0, 1), (2, 0, 1, 1, 0), (2, 1, 0, 0, 1), (2, 1, 0, 1, 0), (2, 1, 1, 0, 0)], 'n_missing_weights': 35, 'missing_weights': [(0, 0, 0, 0, 4), (0, 0, 0, 1, 3), (0, 0, 0, 2, 2), (0, 0, 0, 3, 1), (0, 0, 0, 4, 0), (0, 0, 1, 0, 3), (0, 0, 1, 3, 0), (0, 0, 2, 0, 2), (0, 0, 2, 2, 0), (0, 0, 3, 0, 1), (0, 0, 3, 1, 0), (0, 0, 4, 0, 0), (0, 1, 0, 0, 3), (0, 1, 0, 3, 0), (0, 1, 3, 0, 0), (0, 2, 0, 0, 2), (0, 2, 0, 2, 0), (0, 2, 2, 0, 0), (0, 3, 0, 0, 1), (0, 3, 0, 1, 0), (0, 3, 1, 0, 0), (0, 4, 0, 0, 0), (1, 0, 0, 0, 3), (1, 0, 0, 3, 0), (1, 0, 3, 0, 0), (1, 3, 0, 0, 0), (2, 0, 0, 0, 2), (2, 0, 0, 2, 0), (2, 0, 2, 0, 0), (2, 2, 0, 0, 0), (3, 0, 0, 0, 1), (3, 0, 0, 1, 0), (3, 0, 1, 0, 0), (3, 1, 0, 0, 0), (4, 0, 0, 0, 0)]}}
  e_5: {5: {'tangent_dim': 21, 'ambient_dim': 126, 'is_full': False, 'weights_seen': [(0, 1, 1, 1, 2), (0, 1, 1, 2, 1), (0, 1, 2, 1, 1), (0, 2, 1, 1, 1), (1, 0, 1, 1, 2), (1, 0, 1, 2, 1), (1, 0, 2, 1, 1), (1, 1, 0, 1, 2), (1, 1, 0, 2, 1), (1, 1, 1, 0, 2), (1, 1, 1, 1, 1), (1, 1, 1, 2, 0), (1, 1, 2, 0, 1), (1, 1, 2, 1, 0), (1, 2, 0, 1, 1), (1, 2, 1, 0, 1), (1, 2, 1, 1, 0), (2, 0, 1, 1, 1), (2, 1, 0, 1, 1), (2, 1, 1, 0, 1), (2, 1, 1, 1, 0)], 'n_missing_weights': 105, 'missing_weights': [(0, 0, 0, 0, 5), (0, 0, 0, 1, 4), (0, 0, 0, 2, 3), (0, 0, 0, 3, 2), (0, 0, 0, 4, 1), (0, 0, 0, 5, 0), (0, 0, 1, 0, 4), (0, 0, 1, 1, 3), (0, 0, 1, 2, 2), (0, 0, 1, 3, 1), (0, 0, 1, 4, 0), (0, 0, 2, 0, 3), (0, 0, 2, 1, 2), (0, 0, 2, 2, 1), (0, 0, 2, 3, 0), (0, 0, 3, 0, 2), (0, 0, 3, 1, 1), (0, 0, 3, 2, 0), (0, 0, 4, 0, 1), (0, 0, 4, 1, 0), (0, 0, 5, 0, 0), (0, 1, 0, 0, 4), (0, 1, 0, 1, 3), (0, 1, 0, 2, 2), (0, 1, 0, 3, 1), (0, 1, 0, 4, 0), (0, 1, 1, 0, 3), (0, 1, 1, 3, 0), (0, 1, 2, 0, 2), (0, 1, 2, 2, 0), (0, 1, 3, 0, 1), (0, 1, 3, 1, 0), (0, 1, 4, 0, 0), (0, 2, 0, 0, 3), (0, 2, 0, 1, 2), (0, 2, 0, 2, 1), (0, 2, 0, 3, 0), (0, 2, 1, 0, 2), (0, 2, 1, 2, 0), (0, 2, 2, 0, 1), (0, 2, 2, 1, 0), (0, 2, 3, 0, 0), (0, 3, 0, 0, 2), (0, 3, 0, 1, 1), (0, 3, 0, 2, 0), (0, 3, 1, 0, 1), (0, 3, 1, 1, 0), (0, 3, 2, 0, 0), (0, 4, 0, 0, 1), (0, 4, 0, 1, 0), (0, 4, 1, 0, 0), (0, 5, 0, 0, 0), (1, 0, 0, 0, 4), (1, 0, 0, 1, 3), (1, 0, 0, 2, 2), (1, 0, 0, 3, 1), (1, 0, 0, 4, 0), (1, 0, 1, 0, 3), (1, 0, 1, 3, 0), (1, 0, 2, 0, 2), (1, 0, 2, 2, 0), (1, 0, 3, 0, 1), (1, 0, 3, 1, 0), (1, 0, 4, 0, 0), (1, 1, 0, 0, 3), (1, 1, 0, 3, 0), (1, 1, 3, 0, 0), (1, 2, 0, 0, 2), (1, 2, 0, 2, 0), (1, 2, 2, 0, 0), (1, 3, 0, 0, 1), (1, 3, 0, 1, 0), (1, 3, 1, 0, 0), (1, 4, 0, 0, 0), (2, 0, 0, 0, 3), (2, 0, 0, 1, 2), (2, 0, 0, 2, 1), (2, 0, 0, 3, 0), (2, 0, 1, 0, 2), (2, 0, 1, 2, 0), (2, 0, 2, 0, 1), (2, 0, 2, 1, 0), (2, 0, 3, 0, 0), (2, 1, 0, 0, 2), (2, 1, 0, 2, 0), (2, 1, 2, 0, 0), (2, 2, 0, 0, 1), (2, 2, 0, 1, 0), (2, 2, 1, 0, 0), (2, 3, 0, 0, 0), (3, 0, 0, 0, 2), (3, 0, 0, 1, 1), (3, 0, 0, 2, 0), (3, 0, 1, 0, 1), (3, 0, 1, 1, 0), (3, 0, 2, 0, 0), (3, 1, 0, 0, 1), (3, 1, 0, 1, 0), (3, 1, 1, 0, 0), (3, 2, 0, 0, 0), (4, 0, 0, 0, 1), (4, 0, 0, 1, 0), (4, 0, 1, 0, 0), (4, 1, 0, 0, 0), (5, 0, 0, 0, 0)]}}
  p_1: {1: {'tangent_dim': 5, 'ambient_dim': 5, 'is_full': True, 'weights_seen': [(0, 0, 0, 0, 1), (0, 0, 0, 1, 0), (0, 0, 1, 0, 0), (0, 1, 0, 0, 0), (1, 0, 0, 0, 0)], 'n_missing_weights': 0, 'missing_weights': []}}
  p_2: {2: {'tangent_dim': 15, 'ambient_dim': 15, 'is_full': True, 'weights_seen': [(0, 0, 0, 0, 2), (0, 0, 0, 1, 1), (0, 0, 0, 2, 0), (0, 0, 1, 0, 1), (0, 0, 1, 1, 0), (0, 0, 2, 0, 0), (0, 1, 0, 0, 1), (0, 1, 0, 1, 0), (0, 1, 1, 0, 0), (0, 2, 0, 0, 0), (1, 0, 0, 0, 1), (1, 0, 0, 1, 0), (1, 0, 1, 0, 0), (1, 1, 0, 0, 0), (2, 0, 0, 0, 0)], 'n_missing_weights': 0, 'missing_weights': []}}
  p_3: {3: {'tangent_dim': 25, 'ambient_dim': 35, 'is_full': False, 'weights_seen': [(0, 0, 0, 0, 3), (0, 0, 0, 1, 2), (0, 0, 0, 2, 1), (0, 0, 0, 3, 0), (0, 0, 1, 0, 2), (0, 0, 1, 2, 0), (0, 0, 2, 0, 1), (0, 0, 2, 1, 0), (0, 0, 3, 0, 0), (0, 1, 0, 0, 2), (0, 1, 0, 2, 0), (0, 1, 2, 0, 0), (0, 2, 0, 0, 1), (0, 2, 0, 1, 0), (0, 2, 1, 0, 0), (0, 3, 0, 0, 0), (1, 0, 0, 0, 2), (1, 0, 0, 2, 0), (1, 0, 2, 0, 0), (1, 2, 0, 0, 0), (2, 0, 0, 0, 1), (2, 0, 0, 1, 0), (2, 0, 1, 0, 0), (2, 1, 0, 0, 0), (3, 0, 0, 0, 0)], 'n_missing_weights': 10, 'missing_weights': [(0, 0, 1, 1, 1), (0, 1, 0, 1, 1), (0, 1, 1, 0, 1), (0, 1, 1, 1, 0), (1, 0, 0, 1, 1), (1, 0, 1, 0, 1), (1, 0, 1, 1, 0), (1, 1, 0, 0, 1), (1, 1, 0, 1, 0), (1, 1, 1, 0, 0)]}}
  p_4: {4: {'tangent_dim': 25, 'ambient_dim': 70, 'is_full': False, 'weights_seen': [(0, 0, 0, 0, 4), (0, 0, 0, 1, 3), (0, 0, 0, 3, 1), (0, 0, 0, 4, 0), (0, 0, 1, 0, 3), (0, 0, 1, 3, 0), (0, 0, 3, 0, 1), (0, 0, 3, 1, 0), (0, 0, 4, 0, 0), (0, 1, 0, 0, 3), (0, 1, 0, 3, 0), (0, 1, 3, 0, 0), (0, 3, 0, 0, 1), (0, 3, 0, 1, 0), (0, 3, 1, 0, 0), (0, 4, 0, 0, 0), (1, 0, 0, 0, 3), (1, 0, 0, 3, 0), (1, 0, 3, 0, 0), (1, 3, 0, 0, 0), (3, 0, 0, 0, 1), (3, 0, 0, 1, 0), (3, 0, 1, 0, 0), (3, 1, 0, 0, 0), (4, 0, 0, 0, 0)], 'n_missing_weights': 45, 'missing_weights': [(0, 0, 0, 2, 2), (0, 0, 1, 1, 2), (0, 0, 1, 2, 1), (0, 0, 2, 0, 2), (0, 0, 2, 1, 1), (0, 0, 2, 2, 0), (0, 1, 0, 1, 2), (0, 1, 0, 2, 1), (0, 1, 1, 0, 2), (0, 1, 1, 1, 1), (0, 1, 1, 2, 0), (0, 1, 2, 0, 1), (0, 1, 2, 1, 0), (0, 2, 0, 0, 2), (0, 2, 0, 1, 1), (0, 2, 0, 2, 0), (0, 2, 1, 0, 1), (0, 2, 1, 1, 0), (0, 2, 2, 0, 0), (1, 0, 0, 1, 2), (1, 0, 0, 2, 1), (1, 0, 1, 0, 2), (1, 0, 1, 1, 1), (1, 0, 1, 2, 0), (1, 0, 2, 0, 1), (1, 0, 2, 1, 0), (1, 1, 0, 0, 2), (1, 1, 0, 1, 1), (1, 1, 0, 2, 0), (1, 1, 1, 0, 1), (1, 1, 1, 1, 0), (1, 1, 2, 0, 0), (1, 2, 0, 0, 1), (1, 2, 0, 1, 0), (1, 2, 1, 0, 0), (2, 0, 0, 0, 2), (2, 0, 0, 1, 1), (2, 0, 0, 2, 0), (2, 0, 1, 0, 1), (2, 0, 1, 1, 0), (2, 0, 2, 0, 0), (2, 1, 0, 0, 1), (2, 1, 0, 1, 0), (2, 1, 1, 0, 0), (2, 2, 0, 0, 0)]}}
  p_5: {5: {'tangent_dim': 25, 'ambient_dim': 126, 'is_full': False, 'weights_seen': [(0, 0, 0, 0, 5), (0, 0, 0, 1, 4), (0, 0, 0, 4, 1), (0, 0, 0, 5, 0), (0, 0, 1, 0, 4), (0, 0, 1, 4, 0), (0, 0, 4, 0, 1), (0, 0, 4, 1, 0), (0, 0, 5, 0, 0), (0, 1, 0, 0, 4), (0, 1, 0, 4, 0), (0, 1, 4, 0, 0), (0, 4, 0, 0, 1), (0, 4, 0, 1, 0), (0, 4, 1, 0, 0), (0, 5, 0, 0, 0), (1, 0, 0, 0, 4), (1, 0, 0, 4, 0), (1, 0, 4, 0, 0), (1, 4, 0, 0, 0), (4, 0, 0, 0, 1), (4, 0, 0, 1, 0), (4, 0, 1, 0, 0), (4, 1, 0, 0, 0), (5, 0, 0, 0, 0)], 'n_missing_weights': 101, 'missing_weights': [(0, 0, 0, 2, 3), (0, 0, 0, 3, 2), (0, 0, 1, 1, 3), (0, 0, 1, 2, 2), (0, 0, 1, 3, 1), (0, 0, 2, 0, 3), (0, 0, 2, 1, 2), (0, 0, 2, 2, 1), (0, 0, 2, 3, 0), (0, 0, 3, 0, 2), (0, 0, 3, 1, 1), (0, 0, 3, 2, 0), (0, 1, 0, 1, 3), (0, 1, 0, 2, 2), (0, 1, 0, 3, 1), (0, 1, 1, 0, 3), (0, 1, 1, 1, 2), (0, 1, 1, 2, 1), (0, 1, 1, 3, 0), (0, 1, 2, 0, 2), (0, 1, 2, 1, 1), (0, 1, 2, 2, 0), (0, 1, 3, 0, 1), (0, 1, 3, 1, 0), (0, 2, 0, 0, 3), (0, 2, 0, 1, 2), (0, 2, 0, 2, 1), (0, 2, 0, 3, 0), (0, 2, 1, 0, 2), (0, 2, 1, 1, 1), (0, 2, 1, 2, 0), (0, 2, 2, 0, 1), (0, 2, 2, 1, 0), (0, 2, 3, 0, 0), (0, 3, 0, 0, 2), (0, 3, 0, 1, 1), (0, 3, 0, 2, 0), (0, 3, 1, 0, 1), (0, 3, 1, 1, 0), (0, 3, 2, 0, 0), (1, 0, 0, 1, 3), (1, 0, 0, 2, 2), (1, 0, 0, 3, 1), (1, 0, 1, 0, 3), (1, 0, 1, 1, 2), (1, 0, 1, 2, 1), (1, 0, 1, 3, 0), (1, 0, 2, 0, 2), (1, 0, 2, 1, 1), (1, 0, 2, 2, 0), (1, 0, 3, 0, 1), (1, 0, 3, 1, 0), (1, 1, 0, 0, 3), (1, 1, 0, 1, 2), (1, 1, 0, 2, 1), (1, 1, 0, 3, 0), (1, 1, 1, 0, 2), (1, 1, 1, 1, 1), (1, 1, 1, 2, 0), (1, 1, 2, 0, 1), (1, 1, 2, 1, 0), (1, 1, 3, 0, 0), (1, 2, 0, 0, 2), (1, 2, 0, 1, 1), (1, 2, 0, 2, 0), (1, 2, 1, 0, 1), (1, 2, 1, 1, 0), (1, 2, 2, 0, 0), (1, 3, 0, 0, 1), (1, 3, 0, 1, 0), (1, 3, 1, 0, 0), (2, 0, 0, 0, 3), (2, 0, 0, 1, 2), (2, 0, 0, 2, 1), (2, 0, 0, 3, 0), (2, 0, 1, 0, 2), (2, 0, 1, 1, 1), (2, 0, 1, 2, 0), (2, 0, 2, 0, 1), (2, 0, 2, 1, 0), (2, 0, 3, 0, 0), (2, 1, 0, 0, 2), (2, 1, 0, 1, 1), (2, 1, 0, 2, 0), (2, 1, 1, 0, 1), (2, 1, 1, 1, 0), (2, 1, 2, 0, 0), (2, 2, 0, 0, 1), (2, 2, 0, 1, 0), (2, 2, 1, 0, 0), (2, 3, 0, 0, 0), (3, 0, 0, 0, 2), (3, 0, 0, 1, 1), (3, 0, 0, 2, 0), (3, 0, 1, 0, 1), (3, 0, 1, 1, 0), (3, 0, 2, 0, 0), (3, 1, 0, 0, 1), (3, 1, 0, 1, 0), (3, 1, 1, 0, 0), (3, 2, 0, 0, 0)]}}

--- Matched-support random baselines (n_random=5) ---
  trial 0:  f = 6*x1*x2*x3*x4*x5 + 6*x1*x2*x3*x5 + 3*x1*x2*x3 + 2*x1*x2*x4 + 2*x1*x2*x5 + x1*x2 + x1*x3*x4*x5 + 2*x1*x3*x4 + x1*x3 + 6*x1*x5 + 6*x2
    deg 1: dim=5, weight_set==chi_P? True
    deg 2: dim=9, weight_set==chi_P? True
    deg 3: dim=18, weight_set==chi_P? True
    deg 4: dim=17, weight_set==chi_P? True
    deg 5: dim=21, weight_set==chi_P? True
  trial 1:  f = x1*x2*x3*x4*x5 + 6*x1*x2*x3*x5 + 2*x1*x2*x3 + 4*x1*x2*x4 + 3*x1*x2*x5 + 3*x1*x2 + 7*x1*x3*x4*x5 + 6*x1*x3*x4 + 6*x1*x3 + 7*x1*x5 + x2
    deg 1: dim=5, weight_set==chi_P? True
    deg 2: dim=9, weight_set==chi_P? True
    deg 3: dim=18, weight_set==chi_P? True
    deg 4: dim=17, weight_set==chi_P? True
    deg 5: dim=21, weight_set==chi_P? True
  trial 2:  f = x1*x2*x3*x4*x5 + 2*x1*x2*x3*x5 + 7*x1*x2*x3 + x1*x2*x4 + 2*x1*x2*x5 + 5*x1*x2 + 3*x1*x3*x4*x5 + 4*x1*x3*x4 + 5*x1*x3 + 6*x1*x5 + 4*x2
    deg 1: dim=5, weight_set==chi_P? True
    deg 2: dim=9, weight_set==chi_P? True
    deg 3: dim=18, weight_set==chi_P? True
    deg 4: dim=17, weight_set==chi_P? True
    deg 5: dim=21, weight_set==chi_P? True
  trial 4:  f = 5*x1*x2*x3*x4*x5 + 5*x1*x2*x3*x5 + 5*x1*x2*x3 + 7*x1*x2*x4 + 2*x1*x2*x5 + 4*x1*x2 + 2*x1*x3*x4*x5 + 6*x1*x3*x4 + x1*x3 + 5*x1*x5 + x2
    deg 1: dim=5, weight_set==chi_P? True
    deg 2: dim=9, weight_set==chi_P? True
    deg 3: dim=18, weight_set==chi_P? True
    deg 4: dim=17, weight_set==chi_P? True
    deg 5: dim=21, weight_set==chi_P? True

--- Aggregate comparison (z-score per degree) ---
  deg1: chi_P_dim=5, ambient=5, is_full=True, baseline mean=5.00, std=0.000, z=0.000
  deg2: chi_P_dim=9, ambient=15, is_full=False, baseline mean=9.00, std=0.000, z=0.000
  deg3: chi_P_dim=18, ambient=35, is_full=False, baseline mean=18.00, std=0.000, z=0.000
  deg4: chi_P_dim=17, ambient=70, is_full=False, baseline mean=17.00, std=0.000, z=0.000
  deg5: chi_P_dim=21, ambient=126, is_full=False, baseline mean=21.00, std=0.000, z=0.000

Wrote /apps/aplikacijos/prime-research/experiments/algebraic/gct_chi_p_orbit/plethysm_subframe_n5_results.json
