19001 17256.3877321477
19002 17256.7983498771
19003 17257.304049918
19004 17258.2844075615
19005 17258.8707609311
19006 17260.3996411832
19007 17261.0167558563
19008 17261.834538143
19009 17262.4981873054
19010 17263.3619723596
19011 17264.1020216623
19012 17264.3297489719
19013 17265.5187992898
19014 17266.2055784315
19015 17266.8357944808
19016 17268.25189381
19017 17268.9813105778
19018 17269.5858385679
19019 17270.3615128283
19020 17270.9804063288
19021 17272.2473321372
19022 17272.8545163683
19023 17273.5758713493
19024 17274.0982994031
19025 17274.8777096367
19026 17275.9113339943
19027 17276.3838190857
19028 17277.1940004841
19029 17278.7668706493
19030 17279.4213465988
19031 17279.9490359979
19032 17280.9025233377
19033 17281.2335634414
19034 17282.0998090008
19035 17282.8177138054
19036 17283.8536479694
19037 17284.5797382618
19038 17285.5258678765
19039 17285.8232670506
19040 17287.1210463796
19041 17288.1340938797
19042 17288.4561548591
19043 17289.6521320917
19044 17290.1668489304
19045 17291.0481630911
19046 17292.0420150775
19047 17292.5517215156
19048 17292.7762753763
19049 17293.6577254103
19050 17294.9616897633
19051 17296.1330134655
19052 17296.5970460218
19053 17297.5483813108
19054 17298.1930733462
19055 17298.9112140568
19056 17299.5531883664
19057 17300.6727506685
19058 17300.9668700388
19059 17302.2453904346
19060 17302.740664669
19061 17303.4160745514
19062 17304.3730349865
19063 17305.3747220222
19064 17305.8677781353
19065 17307.4442021777
19066 17307.8826663862
19067 17308.4834687878
19068 17309.0234125385
19069 17309.7937908058
19070 17310.8234396398
19071 17311.255117683
19072 17312.3206517482
19073 17312.9729298889
19074 17314.2964528118
19075 17315.1540227195
19076 17315.5702208787
19077 17316.273615886
19078 17317.0179934336
19079 17318.0785346882
19080 17319.0079720154
19081 17319.3393182385
19082 17320.3479571862
19083 17320.8502169417
19084 17321.5178912377
19085 17322.5378781938
19086 17323.9540225849
19087 17324.5626140534
19088 17325.0498139842
19089 17326.1102418322
19090 17326.753225161
19091 17327.4154871616
19092 17328.1349032202
19093 17328.5088929169
19094 17329.9772334288
19095 17330.5435932501
19096 17331.5773061096
19097 17332.1478243588
19098 17332.9249725752
19099 17334.1029647653
19100 17334.7541155217
19101 17335.2821182679
19102 17336.4700806924
19103 17337.05003351
19104 17337.4867196797
19105 17338.4638900217
19106 17339.1999603972
19107 17339.6667783109
19108 17341.0074800157
19109 17342.2301540284
19110 17342.7606530011
19111 17343.513651895
19112 17344.0770531859
19113 17344.7680232644
19114 17345.404500272
19115 17346.8245285211
19116 17347.2071414013
19117 17347.9212360948
19118 17348.4731507181
19119 17349.9512327235
19120 17350.3477189132
19121 17351.2704474599
19122 17352.171811314
19123 17353.0280178577
19124 17354.0621357454
19125 17354.4205787124
19126 17354.9572593169
19127 17355.9863980386
19128 17356.3495655834
19129 17357.3448733647
19130 17358.4280896125
19131 17359.4359825528
19132 17360.1423570698
19133 17360.9323034405
19134 17361.4953160343
19135 17362.5338976556
19136 17363.0841708431
19137 17363.8017213739
19138 17364.7143740467
19139 17365.6203339742
19140 17366.517185121
19141 17366.5777900722
19142 17367.4965015743
19143 17368.884487478
19144 17369.8482917384
19145 17370.7104912818
19146 17371.025258688
19147 17371.8692942484
19148 17372.6141661358
19149 17373.512859829
19150 17373.9124440488
19151 17374.7236063626
19152 17375.90192201
19153 17376.5524488576
19154 17377.5007969458
19155 17378.6331163033
19156 17379.0969965928
19157 17379.4014300489
19158 17380.7510036152
19159 17381.700615078
19160 17382.2385003704
19161 17382.8384050963
19162 17383.6708043433
19163 17384.0590819684
19164 17385.228328847
19165 17386.1241953802
19166 17387.0559762935
19167 17388.0017616141
19168 17389.0010391835
19169 17389.2836558968
19170 17390.1442049099
19171 17390.5300406028
19172 17391.5287475723
19173 17392.5821809263
19174 17393.0995748806
19175 17394.2254852168
19176 17394.5285757681
19177 17395.703074003
19178 17396.5312625625
19179 17397.3101317732
19180 17398.3281534424
19181 17399.0502373001
19182 17399.3831989913
19183 17400.6862345483
19184 17401.021505348
19185 17401.7231414724
19186 17402.6858600323
19187 17402.9164496221
19188 17405.0147333169
19189 17405.4227334904
19190 17405.9706833336
19191 17406.7145424828
19192 17407.6323947968
19193 17408.3225494168
19194 17408.98913811
19195 17410.1022042157
19196 17410.5250915368
19197 17411.3894862654
19198 17412.2087049271
19199 17412.9101827045
19200 17413.8398277639
19201 17414.7719640412
19202 17415.9113532349
19203 17416.267093742
19204 17417.4435969519
19205 17417.8081379802
19206 17418.5922663484
19207 17418.8062952287
19208 17420.1706520158
19209 17421.0742101214
19210 17421.5567417401
19211 17422.7664052038
19212 17423.5364151058
19213 17424.5456492268
19214 17424.9738121313
19215 17425.5903160562
19216 17426.4904058754
19217 17427.6713943451
19218 17428.1735311445
19219 17428.9853185856
19220 17429.24909015
19221 17430.3672822408
19222 17430.9706805634
19223 17432.4733381155
19224 17433.1425919313
19225 17434.0569424026
19226 17434.5704768921
19227 17435.0807980068
19228 17436.3014534944
19229 17436.595892854
19230 17437.5102445417
19231 17438.1514334491
19232 17439.3085395257
19233 17440.022848049
19234 17441.0924557071
19235 17441.4963695913
19236 17442.3169327032
19237 17443.4121602079
19238 17444.3087540515
19239 17445.0795121363
19240 17445.2268857431
19241 17446.3166710066
19242 17447.2372796832
19243 17447.6202662496
19244 17448.2665138932
19245 17449.7250778768
19246 17450.5018415069
19247 17451.526068634
19248 17452.1421124093
19249 17452.8129905405
19250 17453.2040359984
19251 17454.3090663477
19252 17454.8427176283
19253 17456.114006527
19254 17456.7597122454
19255 17457.1470792099
19256 17457.9158315923
19257 17459.1724532186
19258 17460.1993871881
19259 17460.5708054457
19260 17461.4880688818
19261 17462.6792489156
19262 17463.0129152863
19263 17463.7743262221
19264 17464.4542731402
19265 17465.0263027581
19266 17465.784157339
19267 17467.176383614
19268 17467.7574737209
19269 17469.0174089392
19270 17469.3074281287
19271 17470.2356100769
19272 17470.8941619305
19273 17471.7301581488
19274 17472.615250339
19275 17473.3588241382
19276 17473.9207708561
19277 17474.8131445459
19278 17475.6331518795
19279 17476.2818137549
19280 17476.9482266224
19281 17478.5628171012
19282 17479.303939927
19283 17479.7310985639
19284 17480.4939223518
19285 17481.114490785
19286 17481.8417211557
19287 17482.7622908494
19288 17483.4574570517
19289 17484.2427456178
19290 17485.0529536716
19291 17486.3358277498
19292 17486.8829447503
19293 17487.5031289318
19294 17488.6048810045
19295 17489.0005838222
19296 17490.0769895454
19297 17490.9634118018
19298 17491.6312025423
19299 17492.1998679994
19300 17492.643197799
19301 17493.600646913
19302 17494.6286366097
19303 17495.8745860985
19304 17496.7393064367
19305 17496.838469961
19306 17498.2056339572
19307 17498.8654973758
19308 17499.2823736113
19309 17499.80868368
19310 17501.015130219
19311 17501.92768287
19312 17502.6177338281
19313 17503.2102828982
19314 17504.1110486527
19315 17505.2263532217
19316 17505.7050249822
19317 17506.9257050028
19318 17507.613844994
19319 17508.1324755629
19320 17509.056400226
19321 17509.5416372987
19322 17510.4089414144
19323 17511.1573597839
19324 17511.7322066251
19325 17512.9051481388
19326 17514.2908461527
19327 17514.7436047953
19328 17515.3359516152
19329 17516.1419582009
19330 17516.4633361787
19331 17518.0651976751
19332 17518.4296624247
19333 17519.0969533475
19334 17519.9391498107
19335 17520.8063393627
19336 17521.2717484307
19337 17522.6176019511
19338 17523.1195644794
19339 17524.2832812891
19340 17525.1327806124
19341 17525.8459695873
19342 17526.2348200112
19343 17527.2633079058
19344 17527.7089231558
19345 17528.3737045712
19346 17529.3511670249
19347 17530.593550803
19348 17531.2143448009
19349 17531.7905546116
19350 17533.1006215866
19351 17533.5431273858
19352 17534.3123031324
19353 17535.1094313211
19354 17535.8492251471
19355 17536.8148850755
19356 17537.4853064542
19357 17538.3299375716
19358 17538.5455175672
19359 17539.3807064203
19360 17540.9865199308
19361 17541.6686860018
19362 17542.6276328037
19363 17543.0140575689
19364 17543.9543415273
19365 17544.4200489007
19366 17545.3030336518
19367 17545.9960546167
19368 17547.0065587923
19369 17547.5834969871
19370 17548.3700232301
19371 17549.6823063675
19372 17550.164264645
19373 17550.9360153775
19374 17551.601398489
19375 17552.8561831661
19376 17553.5288559839
19377 17554.3176721903
19378 17554.7092327814
19379 17555.2527820846
19380 17556.4382633718
19381 17557.0326978599
19382 17557.8200801491
19383 17559.1642336525
19384 17559.9575351821
19385 17560.7603102289
19386 17561.1365307901
19387 17562.0387292243
19388 17562.8562115857
19389 17563.1654596828
19390 17564.67624811
19391 17565.2347652144
19392 17565.64382166
19393 17566.8152202456
19394 17567.2338365651
19395 17568.3810187429
19396 17569.7521777107
19397 17569.9591658752
19398 17570.7196127174
19399 17571.6220950794
19400 17572.4298608194
19401 17573.1502668729
19402 17573.52397718
19403 17574.2330106311
19404 17575.3345676901
19405 17576.5940936318
19406 17577.1964661347
19407 17578.1985053562
19408 17578.4386485252
19409 17579.5375025532
19410 17580.2442706747
19411 17580.9957620147
19412 17581.9516047118
19413 17582.661236002
19414 17583.1037948689
19415 17584.0301258323
19416 17584.7823124626
19417 17585.682876628
19418 17586.6937999285
19419 17587.5901443603
19420 17588.6725348149
19421 17589.1110598288
19422 17589.5883304726
19423 17590.1863524971
19424 17591.2113988667
19425 17591.9296313166
19426 17593.0622115744
19427 17593.3965688116
19428 17594.421426454
19429 17595.4832548438
19430 17596.4997345664
19431 17596.6339883707
19432 17597.501370777
19433 17598.8287525452
19434 17599.2507092108
19435 17599.9981059771
19436 17600.7778831334
19437 17601.5881182589
19438 17601.8580262551
19439 17602.792983605
19440 17604.4384618611
19441 17605.0447211438
19442 17605.7190760756
19443 17606.4301077041
19444 17607.1449206696
19445 17607.9782680624
19446 17608.6122397457
19447 17609.4874827703
19448 17609.920367371
19449 17611.3625775407
19450 17611.8765936148
19451 17612.4090705224
19452 17613.5038479894
19453 17614.2935139289
19454 17615.3341167661
19455 17616.1023570807
19456 17616.7830477356
19457 17617.4163987454
19458 17618.0883285455
19459 17619.0972309146
19460 17619.2401889279
19461 17620.546078618
19462 17621.148406031
19463 17622.554556369
19464 17623.1441699008
19465 17624.0290362762
19466 17624.7727626757
19467 17625.1031219706
19468 17625.8276317916
19469 17627.2460282645
19470 17627.7792089125
19471 17628.573827046
19472 17628.9021148804
19473 17629.7431641609
19474 17631.0639357722
19475 17631.6092150881
19476 17632.6747411199
19477 17633.7050083134
19478 17633.9745394643
19479 17635.1412855884
19480 17635.6596702844
19481 17636.1069641078
19482 17636.8675194506
19483 17637.9357470349
19484 17638.642013799
19485 17639.6835465893
19486 17640.7522867172
19487 17641.1699993224
19488 17641.7884262928
19489 17643.1093908805
19490 17643.4737747333
19491 17644.5887337131
19492 17644.9061554444
19493 17645.9551869888
19494 17646.7309767617
19495 17647.2547945225
19496 17648.0156387243
19497 17648.7330732605
19498 17650.4453786905
19499 17651.0866347198
19500 17651.5574320733
19501 17652.161087283
19502 17653.1367073594
19503 17653.6554375789
19504 17654.4971137918
19505 17655.2771355382
19506 17656.3129685277
19507 17656.7662846474
19508 17657.6974676483
19509 17658.777040764
19510 17659.5005375189
19511 17660.1689437092
19512 17660.94067638
19513 17661.9831952973
19514 17662.853544976
19515 17663.4151279136
19516 17663.7445905959
19517 17664.7942355096
19518 17665.1472707739
19519 17666.4988329081
19520 17667.699341296
19521 17667.9108449332
19522 17669.2914942389
19523 17669.8812452062
19524 17670.3789928811
19525 17671.1325785992
19526 17671.8439853589
19527 17672.9004140542
19528 17673.5825769275
19529 17674.3917364706
19530 17675.0864642126
19531 17675.7285513743
19532 17676.7005949133
19533 17677.8202139463
19534 17678.5508737857
19535 17679.5938145281
19536 17680.0005557967
19537 17680.5530493436
19538 17681.368833518
19539 17682.4797700393
19540 17682.9320890705
19541 17683.2457411009
19542 17684.7932375251
19543 17685.7492133842
19544 17686.6474010538
19545 17687.0745535997
19546 17687.7086320144
19547 17688.6234355269
19548 17689.5815063577
19549 17690.3906919281
19550 17690.9246381324
19551 17691.8014099039
19552 17692.2714564852
19553 17693.4362325973
19554 17693.6836502362
19555 17695.3405985805
19556 17695.8640098878
19557 17696.8211907107
19558 17697.5910435335
19559 17698.2402182676
19560 17698.9394617047
19561 17699.4338140646
19562 17700.0590613464
19563 17701.5056937792
19564 17702.0619868849
19565 17702.7597787
19566 17703.5991465691
19567 17704.7355360472
19568 17705.3282102217
19569 17706.136171505
19570 17706.9085946728
19571 17707.5687969737
19572 17708.8008304987
19573 17709.1730683107
19574 17709.7147331374
19575 17710.4951861567
19576 17711.2754416682
19577 17712.2353097571
19578 17713.6759462972
19579 17714.3192803563
19580 17714.841831226
19581 17715.4371889653
19582 17716.3509934038
19583 17717.0282457503
19584 17717.8479651036
19585 17718.7179644432
19586 17719.3675933859
19587 17720.0232504906
19588 17721.2184435865
19589 17721.9563494622
19590 17722.4595143791
19591 17723.4512970682
19592 17724.8599248278
19593 17725.2073982367
19594 17725.6431435609
19595 17726.7325904821
19596 17727.1819973358
19597 17727.8470730424
19598 17728.9158985939
19599 17729.4622483781
19600 17730.7417205943
19601 17731.7049097194
19602 17732.1861882296
19603 17733.2316636257
19604 17733.6964455979
19605 17734.3506491066
19606 17735.2270259327
19607 17736.1957090739
19608 17736.9734135216
19609 17737.7346558489
19610 17738.2486698756
19611 17738.6604334762
19612 17740.2565415311
19613 17741.1722190302
19614 17741.7781996871
19615 17742.5879732256
19616 17743.2999019286
19617 17744.3430753922
19618 17744.4637174758
19619 17745.4817001715
19620 17745.9623702956
19621 17747.0540131271
19622 17748.0370727964
19623 17748.9616160649
19624 17749.5031841608
19625 17750.6063923275
19626 17751.1201813926
19627 17751.6949790149
19628 17753.2383081784
19629 17753.5249607542
19630 17754.1072891578
19631 17754.8798679961
19632 17755.8413121693
19633 17756.4432176821
19634 17757.1261658163
19635 17758.2642236116
19636 17759.4993347613
19637 17760.1089079591
19638 17760.9038406852
19639 17761.4248370695
19640 17761.7507950864
19641 17762.9391165642
19642 17763.7819107411
19643 17764.5060684525
19644 17765.2247096854
19645 17766.034269633
19646 17766.9477460395
19647 17767.8568144211
19648 17768.5709230308
19649 17769.4559458851
19650 17770.1790061484
19651 17771.0705534658
19652 17771.7895468016
19653 17772.4667664981
19654 17773.1450730337
19655 17773.6534518527
19656 17774.3507307437
19657 17775.8734849166
19658 17776.767710663
19659 17777.4168206999
19660 17777.9655112279
19661 17778.8874704247
19662 17779.8594375265
19663 17780.1755063927
19664 17780.9063201452
19665 17782.0298903113
19666 17782.9203380945
19667 17783.3015869885
19668 17784.077282401
19669 17785.1743575753
19670 17785.6985385569
19671 17787.2250318264
19672 17787.5993417874
19673 17788.5371922006
19674 17789.1681228455
19675 17789.6946665308
19676 17790.5094764655
19677 17791.1992919352
19678 17792.0641991914
19679 17793.1210680559
19680 17793.4378341154
19681 17795.3123719114
19682 17795.4527996674
19683 17796.2812649822
19684 17796.6831482616
19685 17797.8363445802
19686 17798.6177666775
19687 17799.6798215266
19688 17800.1845976299
19689 17800.4423823217
19690 17801.5656903637
19691 17802.2571174171
19692 17803.2676197083
19693 17804.3131270283
19694 17805.3218718932
19695 17805.7130873319
19696 17806.7023317285
19697 17807.1615031245
19698 17808.0102859775
19699 17808.652149527
19700 17809.2483888956
19701 17810.4137349901
19702 17811.4473618181
19703 17811.8060409689
19704 17812.8758604035
19705 17813.5008184219
19706 17814.5967749918
19707 17815.3711607892
19708 17815.9179954723
19709 17816.9917435645
19710 17817.2625195086
19711 17818.5638696898
19712 17818.8248795383
19713 17819.600882805
19714 17820.1579053196
19715 17821.9945343708
19716 17822.4400678785
19717 17823.2757565228
19718 17824.1141018178
19719 17824.5689042541
19720 17825.215157987
19721 17826.0943727749
19722 17827.2445129693
19723 17827.6645051478
19724 17828.3972147255
19725 17829.3157146931
19726 17829.9653887939
19727 17831.3354026598
19728 17831.6828002844
19729 17832.4686266488
19730 17833.722144739
19731 17834.5028844608
19732 17834.8725856109
19733 17835.6123358304
19734 17836.0302905957
19735 17837.1734609625
19736 17837.8403657609
19737 17838.8435775525
19738 17839.9061000774
19739 17840.5879132331
19740 17841.4288152501
19741 17842.2503963925
19742 17842.5945663233
19743 17843.5567913383
19744 17844.4978737527
19745 17845.1430111956
19746 17845.9564396967
19747 17846.8152455793
19748 17847.2358174501
19749 17847.9785416379
19750 17849.2051498059
19751 17850.516409253
19752 17850.9885700991
19753 17851.5332113646
19754 17852.1092820714
19755 17853.3518036758
19756 17853.7954413366
19757 17854.2507919104
19758 17855.3472576451
19759 17856.005911711
19760 17857.2131805923
19761 17858.048561779
19762 17858.6813902468
19763 17859.4244705156
19764 17860.1296952103
19765 17861.2015236888
19766 17861.9064976153
19767 17862.5766279478
19768 17863.5143899949
19769 17863.9718208933
19770 17864.4006775513
19771 17865.65265013
19772 17866.4448650664
19773 17867.4639797924
19774 17868.3966230383
19775 17869.3387331057
19776 17869.6325323504
19777 17870.5670815982
19778 17871.1163066831
19779 17871.55668972
19780 17873.0447389502
19781 17873.7865161826
19782 17874.1466079084
19783 17874.9485757235
19784 17876.1273249051
19785 17877.0359552018
19786 17877.4639414985
19787 17878.6563289704
19788 17879.2424706302
19789 17880.1724699192
19790 17880.5982594289
19791 17881.6954961293
19792 17881.914609426
19793 17882.8595077924
19794 17883.463851874
19795 17884.9942923251
19796 17885.9542619693
19797 17886.3767952802
19798 17887.0754038484
19799 17887.7506181249
19800 17888.6415070618
19801 17889.6318142182
19802 17890.0557628852
19803 17890.8936480088
19804 17891.7262418931
19805 17892.5332271869
19806 17893.4589773541
19807 17893.6923168747
19808 17895.2858195396
19809 17895.9106949914
19810 17896.8814570532
19811 17897.5237455472
19812 17898.1663931213
19813 17898.5987620797
19814 17899.5900217873
19815 17900.2808956116
19816 17901.0035386411
19817 17902.2588501369
19818 17902.7751479465
19819 17903.783497741
19820 17904.8077826629
19821 17905.2632997326
19822 17906.0438240347
19823 17906.4728018253
19824 17907.9513218332
19825 17908.5603208609
19826 17909.0354391435
19827 17909.7590789587
19828 17910.3934485738
19829 17911.2307403389
19830 17912.6386296667
19831 17913.5915119802
19832 17913.7881870975
19833 17915.0663552422
19834 17915.6651203037
19835 17916.0402798598
19836 17917.0002490109
19837 17917.6697324619
19838 17918.4457611705
19839 17919.5266687923
19840 17920.0572309039
19841 17921.2820034449
19842 17921.8691342079
19843 17922.413008535
19844 17923.515834648
19845 17924.5505853056
19846 17925.1084137851
19847 17925.7409816185
19848 17926.3848233296
19849 17927.2419520717
19850 17928.0562733697
19851 17928.590904168
19852 17929.3856422531
19853 17930.8122320707
19854 17931.8503695384
19855 17932.3650223173
19856 17932.587290061
19857 17933.8021185925
19858 17934.1887087816
19859 17935.2403711241
19860 17935.9422318969
19861 17937.0501320272
19862 17937.4180014281
19863 17937.9993954854
19864 17939.2318583973
19865 17940.160467435
19866 17940.7496089259
19867 17942.0390862672
19868 17942.2053932646
19869 17943.325895361
19870 17944.1554654671
19871 17944.6129650005
19872 17945.1231592857
19873 17945.7367208136
19874 17947.2894808794
19875 17947.8298539028
19876 17948.9235121949
19877 17949.5334445595
19878 17950.3825779609
19879 17951.1419311014
19880 17951.7554213528
19881 17952.5292854194
19882 17953.580561054
19883 17954.0315211189
19884 17955.1552146525
19885 17955.4479858043
19886 17956.2608209341
19887 17957.261580874
19888 17958.1482733635
19889 17959.5011764428
19890 17959.9845720972
19891 17960.5972164934
19892 17961.1883929377
19893 17961.9229446622
19894 17962.7151502567
19895 17963.7185619032
19896 17964.2323753453
19897 17964.9366890204
19898 17966.2656393249
19899 17967.0076000367
19900 17967.7120940878
19901 17968.5084596718
19902 17968.9250679904
19903 17970.2718494761
19904 17971.0676566811
19905 17971.4837536651
19906 17972.2011894941
19907 17972.9546045297
19908 17973.8107564489
19909 17974.176491582
19910 17975.7566084862
19911 17976.6922665826
19912 17977.1628888315
19913 17977.9605236493
19914 17978.9741967895
19915 17979.61720197
19916 17979.7125200551
19917 17980.8886570453
19918 17981.7810594062
19919 17982.6662631639
19920 17983.4939455947
19921 17983.9283379816
19922 17984.7807542613
19923 17986.2018836293
19924 17986.5788564137
19925 17987.5303228633
19926 17988.2086446401
19927 17989.094142739
19928 17989.6539939375
19929 17990.4019581326
19930 17991.0262684093
19931 17991.7671385142
19932 17992.6258663583
19933 17994.0730172078
19934 17994.6307846125
19935 17995.6333966327
19936 17996.0285992056
19937 17996.5564972052
19938 17997.610664351
19939 17998.4247446155
19940 17999.4478415199
19941 17999.8658224334
19942 18000.3702818962
19943 18001.457597167
19944 18002.3547595795
19945 18003.1058462385
19946 18003.8786320039
19947 18005.1820912866
19948 18005.7817976816
19949 18006.4013991948
19950 18007.0138292667
19951 18007.670327246
19952 18008.5102781777
19953 18009.0696108361
19954 18010.3642315496
19955 18010.9004105649
19956 18011.8977971544
19957 18012.9534950739
19958 18013.3793745707
19959 18014.1539421776
19960 18015.1903552682
19961 18015.7669496711
19962 18016.344628135
19963 18017.8283135768
19964 18017.9053132379
19965 18018.7602068278
19966 18019.2412566188
19967 18020.1599249719
19968 18021.8646759165
19969 18022.2599450499
19970 18023.0731789193
19971 18023.7711070616
19972 18024.2983274632
19973 18025.4196944668
19974 18025.9279739048
19975 18026.3639218206
19976 18027.6191745616
19977 18028.4202318612
19978 18028.9913576889
19979 18030.117060241
19980 18030.966501582
19981 18031.3801270898
19982 18032.3976681329
19983 18033.3935870911
19984 18034.1929834642
19985 18034.7393035933
19986 18035.3338688404
19987 18035.8927725407
19988 18037.0256891865
19989 18037.5492698155
19990 18038.5993243876
19991 18039.6800985364
19992 18040.503823909
19993 18041.3947319603
19994 18041.9845509075
19995 18042.2361911113
19996 18043.1596013741
19997 18044.238988026
19998 18045.2897245563
19999 18045.3917988437
20000 18046.4642962392
