18001 16460.1323083576
18002 16460.877644452
18003 16462.1925156045
18004 16462.4931149898
18005 16463.4930919831
18006 16464.2858973326
18007 16465.0812718326
18008 16465.5544103007
18009 16466.7494023249
18010 16467.3044958838
18011 16468.3056513386
18012 16468.648077337
18013 16469.5504683737
18014 16470.0239243808
18015 16472.087199733
18016 16472.3220535194
18017 16473.0499291405
18018 16473.7188879206
18019 16474.7263260297
18020 16475.3658533747
18021 16475.7445883426
18022 16476.9361991174
18023 16477.48374451
18024 16478.5648347946
18025 16479.2749610395
18026 16480.3840672266
18027 16480.9369559023
18028 16481.6527677178
18029 16482.7077548467
18030 16483.3834689342
18031 16484.5917704471
18032 16484.8731630263
18033 16485.4222164835
18034 16486.1351419577
18035 16487.3072330869
18036 16487.7965188173
18037 16488.9917715603
18038 16489.9750348022
18039 16490.8269716121
18040 16491.6924495184
18041 16491.9917906362
18042 16492.6163825898
18043 16493.5784476702
18044 16494.5088481495
18045 16495.4262054086
18046 16496.024620132
18047 16496.5905553749
18048 16497.5584049349
18049 16498.6722124083
18050 16499.2395284373
18051 16500.4820992291
18052 16501.0891359499
18053 16501.62042314
18054 16502.5532294808
18055 16503.2778278363
18056 16503.9553142636
18057 16504.578130448
18058 16505.1000686285
18059 16506.9650211148
18060 16507.2875047927
18061 16508.3656434145
18062 16508.9505064642
18063 16509.4293887605
18064 16510.6545394676
18065 16511.335254807
18066 16511.9952039457
18067 16512.7050330283
18068 16513.8000590251
18069 16514.2831814488
18070 16514.8618144797
18071 16515.9464143968
18072 16517.0011828232
18073 16517.8718125338
18074 16518.8650767029
18075 16519.4244513545
18076 16519.9286474793
18077 16520.7918007643
18078 16521.2521934665
18079 16522.292383561
18080 16523.2211249983
18081 16524.0679872693
18082 16524.5477300777
18083 16525.8856539286
18084 16526.7015755957
18085 16527.4024206881
18086 16527.6387463914
18087 16528.9540166093
18088 16529.8668693071
18089 16530.5591813375
18090 16531.0243988183
18091 16531.7229703419
18092 16532.4739528544
18093 16533.3254726871
18094 16534.6369446186
18095 16535.5811725822
18096 16536.2063975575
18097 16536.8322828123
18098 16537.6088060153
18099 16538.5453358134
18100 16538.8244775913
18101 16539.9099840173
18102 16540.7522217679
18103 16541.3327086183
18104 16542.5695231628
18105 16543.2594818001
18106 16543.6310289808
18107 16544.8746892306
18108 16545.9247543715
18109 16546.5697082416
18110 16547.2981383503
18111 16547.7833703657
18112 16548.8239372815
18113 16549.282436392
18114 16550.2506117061
18115 16550.7190394736
18116 16551.8592779138
18117 16553.4496767866
18118 16553.5844773102
18119 16554.3404909543
18120 16555.3221125764
18121 16555.9056831086
18122 16556.3619917724
18123 16557.7608470802
18124 16558.4635307577
18125 16559.0409911043
18126 16559.558581828
18127 16560.4863167668
18128 16561.5411623189
18129 16562.6263829106
18130 16563.1477447396
18131 16564.0629767725
18132 16565.1369625831
18133 16565.4466364226
18134 16566.4093365858
18135 16566.7586336534
18136 16567.3991722945
18137 16568.7629866915
18138 16569.4489041737
18139 16570.3538520098
18140 16571.3192837089
18141 16571.9485424689
18142 16572.8610499217
18143 16573.3053517721
18144 16574.5127037152
18145 16575.1364665262
18146 16575.7782892768
18147 16576.6144963259
18148 16577.4888749286
18149 16577.987009584
18150 16578.6574046197
18151 16579.8976639786
18152 16581.2489629844
18153 16581.7151630079
18154 16582.5686416843
18155 16582.7730008357
18156 16583.6290885776
18157 16584.8275523338
18158 16585.3139662954
18159 16585.8785334382
18160 16587.252883456
18161 16587.5250564169
18162 16588.8878339458
18163 16589.4666575902
18164 16590.3408982073
18165 16590.883727355
18166 16592.2294432889
18167 16592.6874625103
18168 16593.5058110395
18169 16594.1724932421
18170 16594.8566485668
18171 16595.3657280205
18172 16596.2846841493
18173 16597.7067225472
18174 16598.4453269351
18175 16598.9998939978
18176 16600.1439720261
18177 16600.9295351789
18178 16601.0771677684
18179 16602.1001217849
18180 16602.7254828391
18181 16603.9843682394
18182 16604.6307137873
18183 16605.2976415802
18184 16605.7431939354
18185 16607.0971248979
18186 16607.754657454
18187 16609.0960080907
18188 16609.3530669261
18189 16610.305348446
18190 16611.1928916093
18191 16611.5488956354
18192 16612.3384730741
18193 16613.297149422
18194 16613.8099529136
18195 16614.7014725967
18196 16616.1140461725
18197 16616.9621578054
18198 16617.4069857208
18199 16618.0123251824
18200 16618.8449000645
18201 16619.8214311967
18202 16620.7700228705
18203 16621.2911883974
18204 16622.0671777162
18205 16622.5110144683
18206 16623.8312313468
18207 16624.2475522465
18208 16625.1716427608
18209 16626.6327203883
18210 16627.1604989447
18211 16627.7594857197
18212 16628.7437362153
18213 16629.243729217
18214 16629.7940179715
18215 16630.5975619592
18216 16631.6729831266
18217 16632.4960112156
18218 16633.2537090364
18219 16634.1241517994
18220 16634.9428163979
18221 16635.887825488
18222 16636.5818464281
18223 16637.3122987211
18224 16637.9710720714
18225 16639.1576190136
18226 16639.7355518999
18227 16640.2346050671
18228 16641.0525497115
18229 16641.4290036653
18230 16643.0597413086
18231 16644.0700925198
18232 16644.6099031255
18233 16645.5127702479
18234 16645.9188553089
18235 16646.9699994206
18236 16647.4290523853
18237 16648.2865174456
18238 16649.4251432907
18239 16649.6649500476
18240 16650.9040609438
18241 16651.4308029677
18242 16652.6516614376
18243 16653.1976888115
18244 16653.8737066034
18245 16655.2783504715
18246 16656.0224219596
18247 16656.3988158121
18248 16656.7949047618
18249 16657.9975816197
18250 16658.5413541269
18251 16659.3307019931
18252 16660.2944710897
18253 16661.282595214
18254 16662.36653268
18255 16663.1129009744
18256 16663.5969768806
18257 16664.1986012324
18258 16665.0759793716
18259 16666.0270109444
18260 16666.886468124
18261 16667.4339725534
18262 16668.3844416635
18263 16668.967284067
18264 16669.4488230168
18265 16671.2571319645
18266 16671.546741545
18267 16672.7313921199
18268 16673.1837106926
18269 16673.9414661792
18270 16674.8903808286
18271 16675.5506325988
18272 16675.91093012
18273 16676.7090018896
18274 16677.9591994675
18275 16678.9667319956
18276 16679.5761785206
18277 16680.417333743
18278 16681.0871217622
18279 16682.1471066335
18280 16682.596588242
18281 16683.6658355355
18282 16684.407085576
18283 16684.9858506029
18284 16685.7843546215
18285 16686.4122543954
18286 16687.33093867
18287 16688.0618346263
18288 16689.4198440536
18289 16690.2264541136
18290 16690.9965314619
18291 16691.5495012742
18292 16692.1764702468
18293 16692.7712654274
18294 16693.6619744156
18295 16694.959216838
18296 16695.3858523954
18297 16695.7820259429
18298 16697.1344304589
18299 16698.2404003943
18300 16698.4877188436
18301 16699.4543846001
18302 16700.4204236438
18303 16701.1606924353
18304 16702.0203929579
18305 16702.8218624363
18306 16703.0439899377
18307 16703.9192330998
18308 16704.7660044395
18309 16705.5525856182
18310 16707.2080439957
18311 16707.5632252887
18312 16708.2705182596
18313 16709.012930332
18314 16709.9457321178
18315 16710.5706776352
18316 16711.2782547433
18317 16711.9668632836
18318 16713.0918617071
18319 16713.9330362288
18320 16714.2084065279
18321 16715.3412414739
18322 16715.9490627801
18323 16717.4144727896
18324 16718.0521295921
18325 16718.6671798861
18326 16719.4307537353
18327 16720.1314836494
18328 16720.8240337347
18329 16721.6067295478
18330 16722.2086258068
18331 16723.1759989151
18332 16724.2757737576
18333 16725.0397939222
18334 16726.1411804748
18335 16726.702446654
18336 16727.1990886699
18337 16727.8129393058
18338 16729.3632894545
18339 16729.6586375235
18340 16730.5629973041
18341 16731.2846211876
18342 16731.5433377862
18343 16732.7644967816
18344 16733.7552194271
18345 16734.7247533011
18346 16735.3726677003
18347 16736.5159253924
18348 16737.1140907595
18349 16737.6480171313
18350 16738.124995968
18351 16739.305945415
18352 16739.6839311695
18353 16740.8650915357
18354 16741.7473892819
18355 16742.4381200523
18356 16743.2902026586
18357 16744.251753241
18358 16744.7704958188
18359 16745.9048528977
18360 16746.5538509432
18361 16747.3908131104
18362 16747.7459311966
18363 16749.0171578757
18364 16749.5519857583
18365 16749.9505754185
18366 16750.7767065211
18367 16752.4842878264
18368 16753.2711815968
18369 16753.778125353
18370 16754.3212413703
18371 16755.272141792
18372 16755.8836755942
18373 16756.7383413074
18374 16757.5364852112
18375 16758.3695520171
18376 16759.0797648275
18377 16759.7992935787
18378 16760.903242967
18379 16761.5231118781
18380 16762.5947075055
18381 16763.1430857511
18382 16764.3459375578
18383 16764.8760632201
18384 16765.7049432703
18385 16766.3961594214
18386 16766.473748578
18387 16767.6955944213
18388 16768.8426139178
18389 16769.4405540221
18390 16770.5283380929
18391 16771.6199151311
18392 16771.802722471
18393 16772.9801734061
18394 16773.4843978491
18395 16773.9191803861
18396 16775.3905892173
18397 16776.1195576204
18398 16776.3847297912
18399 16777.3920086907
18400 16778.0052015962
18401 16779.0027121679
18402 16780.0508409713
18403 16781.2228278484
18404 16781.770094523
18405 16782.112914848
18406 16783.129894855
18407 16783.8259590682
18408 16784.6680983365
18409 16785.0608143526
18410 16786.1402669755
18411 16786.8646087767
18412 16788.2964874492
18413 16788.895680423
18414 16789.3014662819
18415 16790.1723758757
18416 16791.156536549
18417 16792.1104309839
18418 16792.6554266802
18419 16793.4654610885
18420 16793.9816671225
18421 16795.0582278913
18422 16795.4371975933
18423 16796.31108516
18424 16797.7644360165
18425 16798.3008238856
18426 16799.5002386294
18427 16799.8475490492
18428 16800.6918868059
18429 16801.3651685025
18430 16801.7685606482
18431 16802.8959433147
18432 16803.8549355203
18433 16804.686430371
18434 16805.1530260274
18435 16805.918171132
18436 16807.430616194
18437 16807.819711155
18438 16808.5051932389
18439 16809.4792206076
18440 16810.4029850647
18441 16811.0299087617
18442 16811.7067364608
18443 16812.2590347772
18444 16813.167528286
18445 16813.5699895781
18446 16815.2692793442
18447 16815.9691909063
18448 16816.6924430118
18449 16817.6272725121
18450 16818.0241969331
18451 16818.6966319884
18452 16819.8386401106
18453 16820.5717171881
18454 16821.1099509474
18455 16821.9482383492
18456 16822.9123601218
18457 16823.5584350922
18458 16824.4330670995
18459 16825.1462585267
18460 16826.4556387461
18461 16827.3646984675
18462 16827.6715862055
18463 16828.5153788224
18464 16829.0240984458
18465 16829.8670441709
18466 16830.8330537312
18467 16831.2963765146
18468 16832.3405953299
18469 16833.4816369666
18470 16834.1917945508
18471 16835.0576369871
18472 16835.7310947701
18473 16836.2444535718
18474 16837.3683924709
18475 16837.8397495179
18476 16839.2534691257
18477 16839.5388948096
18478 16840.1026015808
18479 16840.7712264786
18480 16841.7951297459
18481 16843.0040022778
18482 16844.1709300569
18483 16844.3305142094
18484 16845.1936946371
18485 16846.3181107499
18486 16846.7670133952
18487 16847.3697239069
18488 16847.9034012875
18489 16849.1418478097
18490 16850.1068581979
18491 16850.5239728209
18492 16851.7184075349
18493 16852.4858085332
18494 16853.0055717863
18495 16854.0793115001
18496 16854.9751732208
18497 16855.6402519855
18498 16856.3459865422
18499 16857.0333077273
18500 16857.7552036854
18501 16858.4084240995
18502 16859.5402976226
18503 16859.8295518716
18504 16861.5735664791
18505 16862.31596988
18506 16862.9081150988
18507 16863.4654577849
18508 16864.0081242662
18509 16865.0301881501
18510 16865.8564161392
18511 16866.8196605317
18512 16867.2634289349
18513 16868.0442142453
18514 16869.0137437015
18515 16869.8713133046
18516 16870.7581979001
18517 16871.5178833681
18518 16872.4605223936
18519 16873.2911821181
18520 16873.892085221
18521 16874.5888448536
18522 16875.3387238612
18523 16875.9986094374
18524 16876.3926765582
18525 16878.0322951768
18526 16878.7751056846
18527 16879.7146836848
18528 16880.0210602942
18529 16881.3643785501
18530 16881.8102437223
18531 16882.3855338078
18532 16883.4087382642
18533 16884.1679933383
18534 16884.9489310571
18535 16885.848321319
18536 16886.4298524535
18537 16886.7657403642
18538 16888.3158387785
18539 16889.3829131443
18540 16889.7872889471
18541 16891.0476481981
18542 16891.3722967085
18543 16891.7893637449
18544 16892.961752175
18545 16893.4472712436
18546 16894.4553667543
18547 16895.1402521155
18548 16895.9770243234
18549 16897.2204184651
18550 16897.9182570935
18551 16898.5930061556
18552 16899.1331177511
18553 16899.9888295245
18554 16901.494060658
18555 16901.7149993818
18556 16902.2326498483
18557 16903.0408573065
18558 16903.9151735252
18559 16904.5486520872
18560 16905.594442046
18561 16906.6957582732
18562 16907.6115477882
18563 16908.2558778094
18564 16908.9143766728
18565 16909.6397030122
18566 16910.435298514
18567 16910.8363702656
18568 16911.9488581972
18569 16912.9081983242
18570 16913.5797679577
18571 16914.272646797
18572 16915.2132156884
18573 16915.9317816815
18574 16917.0864705027
18575 16918.0332559211
18576 16918.2196239065
18577 16919.1453640386
18578 16920.2342629222
18579 16920.6552537118
18580 16921.4028372217
18581 16921.827381882
18582 16922.9502034074
18583 16924.2384263848
18584 16925.292510736
18585 16925.5488060055
18586 16926.3903935656
18587 16927.0710064052
18588 16927.9841521341
18589 16928.5719033124
18590 16929.6397351672
18591 16930.3730597347
18592 16930.9761602228
18593 16931.4920163999
18594 16932.8162420772
18595 16933.5840233394
18596 16934.1455079456
18597 16935.525326417
18598 16936.081534024
18599 16937.0396515568
18600 16937.3267718121
18601 16938.233419243
18602 16938.4816537128
18603 16939.9948270214
18604 16940.362511129
18605 16941.5637661384
18606 16942.1874092436
18607 16943.4661066644
18608 16944.0056777186
18609 16944.5008169181
18610 16945.4081388545
18611 16946.3182073667
18612 16947.0826921437
18613 16947.8664731443
18614 16948.5362813454
18615 16949.3641486798
18616 16949.7353077181
18617 16950.6830706117
18618 16952.2848588076
18619 16953.0843602163
18620 16953.3124252377
18621 16954.3093802405
18622 16954.9500520308
18623 16955.7282092298
18624 16956.5155212827
18625 16957.2072440678
18626 16957.7612408942
18627 16959.1129706797
18628 16959.9502516018
18629 16960.3411165295
18630 16961.5154003122
18631 16962.120488114
18632 16962.9822340445
18633 16964.1025913109
18634 16964.540962642
18635 16965.371070612
18636 16965.9528018801
18637 16966.5929193347
18638 16967.7181736708
18639 16967.9557177772
18640 16969.6603839648
18641 16970.1134475741
18642 16971.2196169012
18643 16972.0379111653
18644 16972.4645412311
18645 16973.1021691516
18646 16973.6508095977
18647 16975.1728488191
18648 16975.6010282968
18649 16976.4609085392
18650 16976.8713326204
18651 16977.8845813861
18652 16979.0093054355
18653 16979.7689011415
18654 16980.4804254313
18655 16981.5066738243
18656 16982.1420788763
18657 16982.9281020925
18658 16983.4583731699
18659 16984.3868905148
18660 16984.677563133
18661 16985.7726893108
18662 16986.7392115435
18663 16988.0474801731
18664 16988.5860593104
18665 16989.1777540283
18666 16989.7942358917
18667 16990.9972738281
18668 16991.5574164531
18669 16992.3481310325
18670 16993.0477558849
18671 16993.941669967
18672 16994.5794662743
18673 16995.5270460185
18674 16995.8955895236
18675 16997.1431712593
18676 16998.4042348421
18677 16999.0925312329
18678 16999.6330268525
18679 17000.0887046675
18680 17001.177735689
18681 17001.8559272309
18682 17002.1564737077
18683 17003.5846964414
18684 17004.2840462164
18685 17004.7683680374
18686 17006.2749737092
18687 17006.6760054015
18688 17007.6163755785
18689 17008.2146890355
18690 17008.9457008753
18691 17010.1199471347
18692 17010.7701071946
18693 17011.5159267433
18694 17011.9495276454
18695 17012.4956747597
18696 17013.577297041
18697 17014.9353251016
18698 17015.4682485322
18699 17016.5994543603
18700 17017.0323587018
18701 17018.0543966999
18702 17018.4499345074
18703 17019.21249885
18704 17019.9971138769
18705 17020.9020267328
18706 17021.8855800086
18707 17022.3041850327
18708 17023.5153649239
18709 17023.9798121828
18710 17024.9778680251
18711 17025.9046858484
18712 17026.8329057461
18713 17027.6284747608
18714 17028.086142729
18715 17028.5952330936
18716 17029.7529815779
18717 17030.5011682762
18718 17030.8158760328
18719 17031.7650691055
18720 17033.5247658292
18721 17033.7974972833
18722 17034.670564258
18723 17035.4247455236
18724 17035.8239363351
18725 17036.7577348866
18726 17037.8878018721
18727 17038.4520697213
18728 17039.087540992
18729 17040.0258295678
18730 17040.5621070629
18731 17041.4415727091
18732 17042.5932005517
18733 17043.5138055927
18734 17044.1107328002
18735 17044.9319601123
18736 17046.1057488703
18737 17046.3453196947
18738 17046.7880729685
18739 17047.7855485101
18740 17048.419204379
18741 17049.7306076182
18742 17050.4726023169
18743 17051.1651313304
18744 17052.054269933
18745 17053.064309821
18746 17053.5930994644
18747 17054.1953421427
18748 17055.3205250841
18749 17055.8924528997
18750 17056.908858704
18751 17057.4320298735
18752 17057.9253348403
18753 17058.9483992941
18754 17059.6509059163
18755 17061.0783117031
18756 17062.120113369
18757 17062.286298438
18758 17063.1841740033
18759 17063.7441354083
18760 17064.5391139452
18761 17065.4666496764
18762 17066.1607100231
18763 17066.9389576357
18764 17067.66120947
18765 17068.72699407
18766 17069.8224110735
18767 17070.2985736179
18768 17070.6318486879
18769 17072.4339600076
18770 17072.6250301937
18771 17073.5012804911
18772 17074.2536135353
18773 17074.8521410105
18774 17075.5256248283
18775 17076.2599414041
18776 17077.29817367
18777 17078.3315561888
18778 17079.42499026
18779 17079.8510900229
18780 17080.7508338895
18781 17081.3600652143
18782 17082.339506209
18783 17082.5129920026
18784 17083.6393344687
18785 17084.8591564413
18786 17085.2916639448
18787 17085.873555808
18788 17086.5804455675
18789 17087.9166890439
18790 17088.6969045746
18791 17089.6125694299
18792 17090.2184520876
18793 17090.9127937779
18794 17091.8798306307
18795 17092.4013843163
18796 17093.1020571227
18797 17093.6576869418
18798 17094.6659430689
18799 17095.7675958417
18800 17096.7500123017
18801 17097.4806831533
18802 17098.2239957067
18803 17098.6960684332
18804 17099.5654877847
18805 17100.5128208965
18806 17101.6317447593
18807 17101.9215444084
18808 17102.3613729373
18809 17103.6243497521
18810 17104.2675076407
18811 17104.9471656778
18812 17106.1786142439
18813 17106.9521979096
18814 17108.2727004092
18815 17108.372024749
18816 17109.156563202
18817 17109.7293268598
18818 17110.5121596205
18819 17111.5286330594
18820 17112.2715791649
18821 17112.967092379
18822 17114.0898232334
18823 17114.7665668182
18824 17115.6063634482
18825 17116.5396938418
18826 17117.1521431499
18827 17117.836070131
18828 17118.9572498746
18829 17119.5661865075
18830 17120.1759332717
18831 17121.0944697091
18832 17121.5609438604
18833 17122.0329973519
18834 17123.9732748257
18835 17124.6227529437
18836 17125.1235849534
18837 17125.9151367063
18838 17126.7509861037
18839 17127.4683212894
18840 17128.2445743328
18841 17128.606727108
18842 17130.0972862325
18843 17130.3205255604
18844 17131.4498452998
18845 17132.1084061645
18846 17133.0227214986
18847 17133.8511895215
18848 17134.6703125772
18849 17135.8018378945
18850 17136.3143071372
18851 17137.0391628432
18852 17137.605800191
18853 17138.3298546185
18854 17139.0805977088
18855 17140.0838692495
18856 17140.7824117783
18857 17141.8119764845
18858 17143.0606223673
18859 17143.7865361839
18860 17143.8218435052
18861 17144.7983259917
18862 17145.5735671879
18863 17146.6642768388
18864 17147.3650809552
18865 17148.1302494196
18866 17148.672945332
18867 17149.2356149807
18868 17150.6702996105
18869 17151.1149382394
18870 17152.4849149985
18871 17153.0333954103
18872 17153.9603483085
18873 17154.2481737389
18874 17155.4243278087
18875 17155.977499652
18876 17156.4314353831
18877 17157.2314678718
18878 17158.5102850119
18879 17159.3550122426
18880 17160.2315368464
18881 17160.7275407381
18882 17161.7006918996
18883 17162.3508871325
18884 17163.6474201567
18885 17163.7889652655
18886 17164.6413452553
18887 17165.7271037761
18888 17166.2650550253
18889 17166.8876418313
18890 17167.5780495961
18891 17168.6107540017
18892 17170.081091542
18893 17170.5239468524
18894 17171.2980773064
18895 17172.1142955805
18896 17172.6982247856
18897 17173.0635771478
18898 17174.2878141473
18899 17175.104520792
18900 17175.811229001
18901 17176.5440160568
18902 17177.2948225388
18903 17178.691066446
18904 17179.0365721949
18905 17179.9197911227
18906 17180.5189793166
18907 17181.9004879314
18908 17182.41194311
18909 17183.0261124614
18910 17183.5179990341
18911 17184.268341175
18912 17185.2748905322
18913 17185.9352839431
18914 17187.452334112
18915 17187.9897821503
18916 17188.6430779433
18917 17189.6134930873
18918 17190.3406705762
18919 17190.6115338437
18920 17191.7863337672
18921 17192.5879409669
18922 17193.1488365785
18923 17194.2746463766
18924 17194.7982309114
18925 17195.5908225813
18926 17196.2733485578
18927 17197.7564483931
18928 17198.463039896
18929 17199.0195912839
18930 17199.7434891775
18931 17200.4027097735
18932 17201.2864952263
18933 17201.9644731105
18934 17202.5845425034
18935 17203.3249388986
18936 17204.5957639081
18937 17205.5879522813
18938 17206.3379554036
18939 17206.7489322748
18940 17207.7652287495
18941 17208.267890291
18942 17209.3055237346
18943 17210.1902423217
18944 17210.9897046541
18945 17211.3024204205
18946 17212.2140593397
18947 17212.7860614722
18948 17214.1657850541
18949 17214.8765173494
18950 17215.7254380501
18951 17216.7782471625
18952 17217.3282717875
18953 17218.0069376441
18954 17218.7013328814
18955 17219.1745244796
18956 17220.0197408421
18957 17221.4875464077
18958 17221.8071505749
18959 17222.4257365665
18960 17223.8910959321
18961 17224.2826712118
18962 17225.192214236
18963 17225.9016416734
18964 17227.0098124406
18965 17227.4477327643
18966 17228.266922571
18967 17229.072284374
18968 17229.7788498015
18969 17230.3510743407
18970 17230.9646987107
18971 17232.4567381883
18972 17233.4522592044
18973 17234.365939497
18974 17234.6941866478
18975 17234.9808758593
18976 17236.4003938201
18977 17236.9617532219
18978 17237.6549178045
18979 17238.6006618674
18980 17239.1480374925
18981 17240.255937535
18982 17240.8772032906
18983 17241.8476993139
18984 17242.4912849211
18985 17243.5871680937
18986 17244.4304002786
18987 17245.1264428665
18988 17245.8474121798
18989 17246.3528063605
18990 17247.1369376089
18991 17247.7993772446
18992 17248.6485001392
18993 17249.8678651155
18994 17250.6187019167
18995 17251.4412114112
18996 17252.3149823179
18997 17253.1247609121
18998 17253.7163752112
18999 17254.0303815073
19000 17255.3176281366
