12001 11567.3915519916
12002 11568.2383874786
12003 11568.8615845879
12004 11569.8568394511
12005 11570.7135603436
12006 11571.3725877178
12007 11572.3734771006
12008 11573.1102481521
12009 11573.5337803384
12010 11574.2297835919
12011 11575.5327161613
12012 11577.1592211179
12013 11577.5592892705
12014 11577.8131554841
12015 11579.0519472651
12016 11579.8447500659
12017 11580.5629163912
12018 11581.1002638028
12019 11582.2459649491
12020 11583.1620047017
12021 11583.7810598918
12022 11584.7188329641
12023 11585.7977437967
12024 11586.2628978578
12025 11587.7853746882
12026 11588.2376783136
12027 11589.033305123
12028 11589.8202385808
12029 11590.541133005
12030 11590.9363475496
12031 11592.2248695791
12032 11593.0211685389
12033 11593.9518016263
12034 11595.2738973183
12035 11595.9216334353
12036 11596.4771181386
12037 11597.2706057619
12038 11597.7865841146
12039 11599.4528945912
12040 11599.6346604724
12041 11600.7548934288
12042 11601.0643643485
12043 11602.029102068
12044 11603.2759857387
12045 11604.0641571572
12046 11605.278120211
12047 11605.7158730713
12048 11606.7516578732
12049 11607.2588825723
12050 11608.0372909016
12051 11608.9848977643
12052 11609.3163808066
12053 11610.5427249296
12054 11611.8314142106
12055 11612.4868931232
12056 11613.1716898354
12057 11614.0171796715
12058 11614.9846658444
12059 11615.8152244766
12060 11616.6179158749
12061 11617.346743414
12062 11617.9550776144
12063 11619.2299052572
12064 11619.5734474392
12065 11620.0865377812
12066 11621.9462219244
12067 11622.6940265137
12068 11623.3923325241
12069 11624.3988775639
12070 11624.6738709033
12071 11625.5133179357
12072 11626.3493718098
12073 11627.433394485
12074 11628.160782429
12075 11628.9094791339
12076 11629.7268493096
12077 11631.0209760327
12078 11631.6283026636
12079 11632.4880628266
12080 11633.1011773954
12081 11634.5326777423
12082 11635.1380989621
12083 11635.4634679296
12084 11636.263762261
12085 11637.0797245124
12086 11637.9515136798
12087 11639.3961987198
12088 11639.9886899802
12089 11641.1544988549
12090 11641.6208696251
12091 11642.4001939038
12092 11643.2623441904
12093 11643.9042656017
12094 11644.8719571157
12095 11645.8657405756
12096 11646.3774837011
12097 11647.3508673675
12098 11648.1758131525
12099 11648.8847491285
12100 11650.3449839161
12101 11651.2276957266
12102 11651.6909822548
12103 11652.2289580115
12104 11653.2416658082
12105 11654.2455601178
12106 11654.4586576039
12107 11655.5184812187
12108 11656.4735757319
12109 11657.8021885831
12110 11658.5597162877
12111 11659.3778487803
12112 11659.5586417184
12113 11660.9706648729
12114 11661.574271721
12115 11662.5444690798
12116 11663.4253342484
12117 11664.0284407724
12118 11664.4513670532
12119 11665.5699484887
12120 11666.7876672089
12121 11667.6177689664
12122 11668.5842060329
12123 11669.3085108722
12124 11670.2038404507
12125 11670.7828021185
12126 11671.4034471202
12127 11671.9720390742
12128 11673.4370675104
12129 11674.2057316065
12130 11674.7813667055
12131 11675.8419508005
12132 11676.845416927
12133 11677.6589555087
12134 11678.1725734767
12135 11679.5203711183
12136 11679.9290375804
12137 11680.7899512723
12138 11681.7798950803
12139 11682.0338901722
12140 11683.1691904285
12141 11683.6865851239
12142 11685.6294378862
12143 11686.0194199452
12144 11686.953094396
12145 11687.411677493
12146 11688.1890866064
12147 11689.0395336008
12148 11690.2324616378
12149 11690.6780551288
12150 11691.2940512088
12151 11692.6753522507
12152 11693.2065263046
12153 11694.1684464285
12154 11695.0399278964
12155 11695.9876884745
12156 11697.0899587634
12157 11697.6094470907
12158 11698.3544634711
12159 11698.9898848852
12160 11699.7328258128
12161 11700.5796531432
12162 11701.4692868386
12163 11702.8162107593
12164 11703.5687958043
12165 11704.1346295285
12166 11705.6351625967
12167 11705.7092235092
12168 11706.3186567444
12169 11707.532915595
12170 11708.5033162905
12171 11709.2509425799
12172 11709.984181532
12173 11710.3116818598
12174 11711.5009633293
12175 11712.9507100377
12176 11713.5215573233
12177 11714.4967030479
12178 11715.0168958097
12179 11716.0984807976
12180 11716.4945366317
12181 11717.3576403136
12182 11718.0435433165
12183 11719.1446478807
12184 11719.915111079
12185 11721.1574130988
12186 11722.037079637
12187 11722.4115481762
12188 11723.2042275562
12189 11724.4594156554
12190 11725.2996165253
12191 11725.8788417466
12192 11726.5140543765
12193 11727.375668471
12194 11728.1765176886
12195 11729.0274809413
12196 11729.906452094
12197 11731.2654911558
12198 11732.3198236159
12199 11732.593160541
12200 11733.2114452315
12201 11734.1962931332
12202 11734.8675059993
12203 11735.6843719352
12204 11736.8333021499
12205 11737.6849111413
12206 11737.905476895
12207 11739.5094726386
12208 11739.9762999864
12209 11741.1105052348
12210 11741.9084532095
12211 11742.5468659264
12212 11743.5308316549
12213 11744.4287735838
12214 11744.8362342787
12215 11745.7533346911
12216 11745.9498204007
12217 11747.9086718371
12218 11748.5952529156
12219 11749.508200025
12220 11750.0955506622
12221 11750.9916236448
12222 11751.728653679
12223 11752.5005441379
12224 11753.2570078855
12225 11754.4577073422
12226 11754.794535205
12227 11755.8072159252
12228 11756.598489493
12229 11757.5112297022
12230 11758.5316525142
12231 11759.5722503511
12232 11760.3996913593
12233 11761.0943139317
12234 11761.6517650782
12235 11762.065772725
12236 11763.59497677
12237 11763.8650598645
12238 11764.9074663461
12239 11765.9217497598
12240 11767.2068120877
12241 11767.70454964
12242 11768.4797402698
12243 11769.0697582676
12244 11770.0085084408
12245 11771.4764120761
12246 11771.5799440559
12247 11772.3111864014
12248 11773.3595910404
12249 11773.8732775669
12250 11774.8268410803
12251 11776.4921102726
12252 11776.9247554434
12253 11777.640988566
12254 11778.5817182891
12255 11779.3924573738
12256 11779.9367366366
12257 11780.6328806994
12258 11781.4962610544
12259 11782.5503474638
12260 11783.645708494
12261 11784.2148614985
12262 11784.9509326873
12263 11786.1480163572
12264 11786.8117338224
12265 11787.97980229
12266 11788.2288243005
12267 11789.4324533817
12268 11789.9649600204
12269 11790.8101510681
12270 11791.390303517
12271 11792.2678953357
12272 11793.5496059487
12273 11794.7195143587
12274 11795.4075855054
12275 11795.952598692
12276 11796.8622774868
12277 11797.2031965995
12278 11798.3821524481
12279 11799.4722808468
12280 11799.9900263285
12281 11800.7023364692
12282 11801.4581021554
12283 11802.9573437628
12284 11803.4514652702
12285 11804.0773447251
12286 11805.619708276
12287 11806.1079890782
12288 11806.6998636935
12289 11807.7014085644
12290 11808.1291063622
12291 11808.771900595
12292 11810.0416392026
12293 11810.8801082809
12294 11812.1323013869
12295 11812.7002974527
12296 11813.6110801396
12297 11814.1798961106
12298 11815.143744889
12299 11816.0805290248
12300 11816.4719148896
12301 11817.694115603
12302 11818.4906647328
12303 11819.1247256548
12304 11819.5615725227
12305 11820.919409266
12306 11822.255064096
12307 11822.9541248951
12308 11823.5307113492
12309 11824.1179799348
12310 11825.1376688662
12311 11825.9987806617
12312 11826.2885361599
12313 11827.4789975902
12314 11828.2859483479
12315 11829.4345436113
12316 11830.2210022272
12317 11831.1063065621
12318 11831.8141755688
12319 11832.416125088
12320 11833.6377005576
12321 11834.5703024651
12322 11835.118104673
12323 11835.6101750642
12324 11836.4323826388
12325 11837.3795587371
12326 11838.3332961557
12327 11839.6658825319
12328 11840.1120169593
12329 11841.3497990095
12330 11841.9712937187
12331 11842.5532750976
12332 11842.9753732178
12333 11844.1369587144
12334 11845.2610978564
12335 11845.8222698778
12336 11846.5303224058
12337 11847.7409021793
12338 11848.2423441398
12339 11849.5003061815
12340 11850.2906835337
12341 11851.0002728205
12342 11852.025209052
12343 11852.4604770562
12344 11853.3567304647
12345 11854.1122104479
12346 11854.9921815027
12347 11855.2128562389
12348 11857.3008118003
12349 11857.9097230169
12350 11858.5451324384
12351 11859.1887490807
12352 11860.0069115061
12353 11861.1145552735
12354 11861.5712801785
12355 11862.7012223616
12356 11863.2177903938
12357 11864.1674554292
12358 11864.9314275988
12359 11865.8172095451
12360 11866.7415506696
12361 11868.0609517676
12362 11868.4368357939
12363 11869.7556600198
12364 11869.9631517262
12365 11870.7016366859
12366 11871.6165063289
12367 11872.0901225587
12368 11873.5980313
12369 11874.1939309322
12370 11874.9544327916
12371 11876.50180486
12372 11876.6925101154
12373 11877.6557808266
12374 11878.2138130834
12375 11879.3353388187
12376 11880.1907555118
12377 11881.1395799349
12378 11881.5021742135
12379 11882.0977494363
12380 11883.1192214699
12381 11884.4405782246
12382 11885.3239796086
12383 11886.3400665366
12384 11886.8676532525
12385 11887.415432454
12386 11888.4368912774
12387 11889.1396545622
12388 11889.8820648104
12389 11890.6320037197
12390 11891.8189571322
12391 11892.5065123758
12392 11893.7359357789
12393 11894.1144088735
12394 11894.8926911442
12395 11896.3395655998
12396 11896.9537251588
12397 11897.5904589374
12398 11898.1445900277
12399 11899.2268884326
12400 11899.912903807
12401 11900.4584529822
12402 11901.5682068491
12403 11902.9386166676
12404 11903.7785024221
12405 11904.3092055991
12406 11905.1589592622
12407 11905.9685734715
12408 11906.2646388407
12409 11907.6319298689
12410 11908.4982369214
12411 11909.096229235
12412 11909.9966516782
12413 11910.4483985291
12414 11911.9847220171
12415 11912.7135046062
12416 11913.5458736934
12417 11914.236217785
12418 11915.3452121572
12419 11916.0315646577
12420 11916.6375341285
12421 11916.9635884487
12422 11918.1569078893
12423 11919.0505165612
12424 11920.359152538
12425 11921.1077633325
12426 11921.6988616097
12427 11922.6761219586
12428 11923.5452132878
12429 11923.8847519534
12430 11925.4345936307
12431 11925.7110819964
12432 11926.5063815473
12433 11927.4212146467
12434 11928.3691578949
12435 11928.7926711558
12436 11930.0542826157
12437 11931.4758716853
12438 11932.0177284825
12439 11932.4835207392
12440 11933.3757057327
12441 11933.9415884729
12442 11934.8442907038
12443 11936.0029317597
12444 11936.287078681
12445 11937.4190241294
12446 11938.5962926903
12447 11939.3887647942
12448 11940.0140369464
12449 11940.8447666663
12450 11941.7078244979
12451 11942.81204715
12452 11943.3001891025
12453 11944.3225875052
12454 11944.7866683912
12455 11945.3866082661
12456 11946.3122769338
12457 11947.8799582162
12458 11948.5807991421
12459 11949.2852077819
12460 11950.2549007449
12461 11950.8298044513
12462 11951.8112222882
12463 11952.2096857673
12464 11952.9603069642
12465 11954.4211859417
12466 11955.023412261
12467 11955.5411349993
12468 11956.5554571903
12469 11957.7587697305
12470 11958.2575536756
12471 11959.5360217946
12472 11960.1624557608
12473 11960.8058891679
12474 11961.6136343779
12475 11962.319599804
12476 11963.2518046876
12477 11963.6242570052
12478 11964.9448334673
12479 11965.9888815174
12480 11967.1758654547
12481 11967.8180924392
12482 11968.0403747785
12483 11968.8423966318
12484 11970.1987798039
12485 11970.8401898702
12486 11971.6359021906
12487 11972.3455172618
12488 11972.9190215231
12489 11974.2562403632
12490 11974.7504714732
12491 11976.0193304094
12492 11976.821454389
12493 11977.8193194444
12494 11978.5091315976
12495 11978.9112856456
12496 11979.9403094184
12497 11980.4209807913
12498 11981.3192807973
12499 11982.469856791
12500 11983.4591716834
12501 11984.1832583118
12502 11984.9882151846
12503 11985.9317328886
12504 11986.7925884786
12505 11987.366016655
12506 11988.1878936362
12507 11989.3190369853
12508 11989.9880771715
12509 11990.4493755279
12510 11991.4963816303
12511 11991.8195015997
12512 11993.7962993785
12513 11994.5320320316
12514 11994.8792954754
12515 11995.9066341427
12516 11996.7627428817
12517 11997.1088313576
12518 11998.1115521449
12519 11998.9990091812
12520 12000.0251668736
12521 12000.3230196307
12522 12001.8692944874
12523 12002.4491795813
12524 12003.3133302761
12525 12003.9828406771
12526 12005.0992085414
12527 12006.1670370361
12528 12006.617064268
12529 12007.2594705294
12530 12007.7954633941
12531 12008.9160313328
12532 12009.7474082964
12533 12010.5885623173
12534 12012.0706636759
12535 12012.5182938873
12536 12013.5370230274
12537 12013.9951972239
12538 12014.7480406911
12539 12015.5129072745
12540 12016.6961715402
12541 12017.2704367727
12542 12018.329635524
12543 12018.7261141243
12544 12019.6595867778
12545 12020.8169132769
12546 12021.7888379259
12547 12022.7250524283
12548 12023.3470858814
12549 12023.8343607017
12550 12025.0955108696
12551 12025.6406968101
12552 12026.1909681402
12553 12026.807833879
12554 12028.2983940563
12555 12029.3635800481
12556 12030.0089671559
12557 12030.743901894
12558 12031.5394114586
12559 12032.2957554029
12560 12033.2960611424
12561 12034.1983458219
12562 12034.5804879052
12563 12035.7539311634
12564 12036.3531485566
12565 12036.8271989247
12566 12038.44903473
12567 12038.8517805429
12568 12040.2858337327
12569 12040.9756185314
12570 12041.6978331987
12571 12042.1617079852
12572 12042.8568008649
12573 12043.7573859384
12574 12044.8209845604
12575 12045.7500964224
12576 12046.1506004945
12577 12047.4112997793
12578 12048.4830475048
12579 12049.1437578203
12580 12049.5229099153
12581 12050.8300676973
12582 12051.6601263187
12583 12052.4239087646
12584 12052.9263300353
12585 12053.9017238537
12586 12054.3327672896
12587 12055.2762524632
12588 12056.8423961751
12589 12057.694841026
12590 12058.3272407221
12591 12058.7992713685
12592 12059.9205379922
12593 12060.608137313
12594 12061.2067720599
12595 12062.2608426241
12596 12062.8551118758
12597 12064.0885470446
12598 12064.6705951232
12599 12065.5945014245
12600 12066.2075816248
12601 12067.8549598818
12602 12068.1289605492
12603 12069.0171432523
12604 12069.9401331186
12605 12070.3919331887
12606 12071.1711507776
12607 12072.1025518175
12608 12072.725907834
12609 12073.883966807
12610 12075.149613615
12611 12075.6887585761
12612 12076.7992437304
12613 12077.0536982008
12614 12078.0400673925
12615 12078.580257574
12616 12080.1313409327
12617 12080.7711250873
12618 12080.9276852653
12619 12081.8346017081
12620 12082.9893802181
12621 12083.9487074071
12622 12085.0190442967
12623 12085.6227608312
12624 12086.6385954199
12625 12087.4115399673
12626 12088.0515242362
12627 12088.4975935207
12628 12089.4676880384
12629 12090.2651995807
12630 12091.447630002
12631 12092.2067368799
12632 12093.2732099978
12633 12093.9921721706
12634 12094.4985106124
12635 12095.6744449478
12636 12096.6297358633
12637 12097.0476917425
12638 12097.9654394109
12639 12098.7281937873
12640 12099.7395705671
12641 12100.0854941872
12642 12100.9107284362
12643 12102.6192289563
12644 12103.3409744072
12645 12104.1526408232
12646 12104.6924999685
12647 12105.1371002752
12648 12106.4130458608
12649 12107.0034695528
12650 12107.7470095372
12651 12108.8619022663
12652 12109.5116900405
12653 12110.3467725085
12654 12111.5929767347
12655 12112.1973326514
12656 12112.8589287644
12657 12113.9895904437
12658 12114.9859369516
12659 12115.353628563
12660 12116.3653756869
12661 12116.806139429
12662 12117.3632931861
12663 12118.6829654984
12664 12120.0472569173
12665 12120.3619245033
12666 12121.4899067166
12667 12122.5198080266
12668 12122.7809957954
12669 12123.6316559524
12670 12124.3720504845
12671 12125.5352267467
12672 12126.2232086644
12673 12127.0601979124
12674 12127.6189880208
12675 12128.594008202
12676 12129.644368875
12677 12130.6313418053
12678 12131.6380097384
12679 12132.2773509712
12680 12132.6843611478
12681 12133.7507359106
12682 12134.3367805372
12683 12135.2434670513
12684 12135.9584854851
12685 12136.7445668961
12686 12138.4797978565
12687 12139.0602806437
12688 12139.2347814836
12689 12140.5142565546
12690 12140.9749580673
12691 12142.3309508581
12692 12142.9056649289
12693 12143.6222308028
12694 12144.3347120646
12695 12145.0992538631
12696 12146.0320797075
12697 12146.8284133566
12698 12148.2502728411
12699 12148.9452539307
12700 12149.607463624
12701 12150.4695347372
12702 12151.3432163318
12703 12151.7511323005
12704 12152.226255262
12705 12153.9472706624
12706 12154.2625233102
12707 12155.3471631261
12708 12156.0642128869
12709 12157.0750928941
12710 12158.0702726622
12711 12158.6968893996
12712 12159.3912800868
12713 12160.4635971642
12714 12161.2293417601
12715 12161.9664180796
12716 12162.5095249232
12717 12163.1230450739
12718 12164.243201288
12719 12165.584515443
12720 12166.5484067542
12721 12167.1137869814
12722 12167.7509323645
12723 12168.6064820991
12724 12169.1839173272
12725 12170.4327532447
12726 12170.8878405649
12727 12171.8612949687
12728 12172.5150210582
12729 12173.612628315
12730 12174.5555431003
12731 12175.0833603215
12732 12176.1046885405
12733 12177.5651028513
12734 12177.7874263524
12735 12178.5422375446
12736 12179.0628255137
12737 12180.1606900664
12738 12180.8078763035
12739 12181.5058274487
12740 12182.9327364171
12741 12183.5834536621
12742 12184.8068756237
12743 12185.2689167598
12744 12186.0235614194
12745 12186.7020756774
12746 12187.7285664558
12747 12188.4564574189
12748 12189.4980653378
12749 12190.1582815809
12750 12190.7378251236
12751 12191.3051760266
12752 12192.9550340299
12753 12193.9073551919
12754 12194.405811604
12755 12195.2278209095
12756 12196.2795981275
12757 12196.6375704833
12758 12197.6324045471
12759 12198.1191382926
12760 12198.9157695333
12761 12200.4758044714
12762 12200.8097831683
12763 12202.0246716088
12764 12202.7787650761
12765 12203.3210342574
12766 12204.3853363194
12767 12205.246429151
12768 12206.1034420905
12769 12206.9488094051
12770 12207.1247486045
12771 12208.2729261411
12772 12209.1731773527
12773 12209.7579748149
12774 12211.1209680075
12775 12212.2975635655
12776 12212.7618605238
12777 12213.6086836008
12778 12214.0453235636
12779 12214.7567486306
12780 12215.8432838489
12781 12216.8829225591
12782 12217.4395308399
12783 12218.0577117844
12784 12219.3451571055
12785 12220.2460118862
12786 12220.7382669594
12787 12221.9941503559
12788 12222.6724252858
12789 12223.3536412967
12790 12224.6547041977
12791 12224.7432947558
12792 12225.577788637
12793 12226.340773664
12794 12227.1375931362
12795 12228.7727004466
12796 12229.476722494
12797 12230.1965743071
12798 12230.6173733007
12799 12232.1240301761
12800 12232.289643858
12801 12233.1139073303
12802 12234.1068394193
12803 12235.0400942965
12804 12235.7802943617
12805 12236.43018613
12806 12237.2449323987
12807 12238.3616916758
12808 12239.3902915901
12809 12240.4752360528
12810 12240.7252822944
12811 12241.8347503532
12812 12242.1626451922
12813 12243.2100137128
12814 12243.7005263308
12815 12245.0437696872
12816 12245.4351336289
12817 12246.7776571132
12818 12247.7310672371
12819 12248.5330461298
12820 12249.1846631487
12821 12249.4043459981
12822 12251.0627384773
12823 12251.7643511478
12824 12252.3991851002
12825 12252.9079883845
12826 12253.9701488147
12827 12254.4019030335
12828 12255.9352807698
12829 12256.6447449653
12830 12257.685994194
12831 12258.5898803089
12832 12258.9812956807
12833 12259.8395272436
12834 12260.5705380629
12835 12261.2847841932
12836 12262.1294475255
12837 12263.1780039932
12838 12264.2614368977
12839 12264.683402723
12840 12265.6370936392
12841 12266.7265348002
12842 12267.3583305268
12843 12268.4681754535
12844 12269.1235430223
12845 12269.4790730259
12846 12270.8992558187
12847 12271.3221111993
12848 12271.8395092534
12849 12272.7043422333
12850 12274.4105462787
12851 12275.1559287581
12852 12275.7503919732
12853 12276.5951151676
12854 12277.1713084326
12855 12277.9811548678
12856 12278.8373559067
12857 12279.859208334
12858 12280.6569939014
12859 12281.0470999061
12860 12282.1452601675
12861 12283.1856472571
12862 12284.0634797961
12863 12284.7029215113
12864 12285.8250005293
12865 12286.6711868312
12866 12287.5430879714
12867 12287.8000278511
12868 12288.5169439761
12869 12289.329015485
12870 12290.6659697454
12871 12291.1719582287
12872 12292.5126693775
12873 12293.1993950456
12874 12294.1108467709
12875 12294.5927617406
12876 12295.5929223483
12877 12296.1726788735
12878 12297.2577450123
12879 12298.1804570164
12880 12298.6177113401
12881 12299.4095129337
12882 12300.396366574
12883 12300.9988520633
12884 12302.8517067613
12885 12303.2450274986
12886 12303.8119328681
12887 12304.6309339923
12888 12305.3956729172
12889 12306.3941471539
12890 12306.8050333234
12891 12307.6582196372
12892 12308.6968011919
12893 12309.7142176698
12894 12310.9113758178
12895 12311.1244345867
12896 12311.9908818769
12897 12313.0672736958
12898 12313.9436787165
12899 12314.6351987939
12900 12315.5422543769
12901 12316.0842788295
12902 12316.7368071858
12903 12317.6337793823
12904 12318.5500827904
12905 12320.0392302646
12906 12320.350796378
12907 12321.5815195755
12908 12322.4143369157
12909 12322.6959751989
12910 12323.4398186134
12911 12324.266976418
12912 12325.4371667166
12913 12326.2627562572
12914 12327.0318535485
12915 12327.3659738336
12916 12328.9795824825
12917 12329.5930717524
12918 12330.3962697117
12919 12331.2906352335
12920 12332.2195763401
12921 12333.0328673223
12922 12333.2987843826
12923 12334.5064049887
12924 12334.9859381429
12925 12335.59293513
12926 12337.2079630108
12927 12338.2514409335
12928 12338.7064514845
12929 12339.6943581727
12930 12340.0175651558
12931 12341.0455781432
12932 12342.1597694216
12933 12342.7841378136
12934 12343.2236971839
12935 12344.4375800314
12936 12345.2359084512
12937 12345.8133041497
12938 12346.8400413691
12939 12347.9546785882
12940 12348.986445154
12941 12349.7091221755
12942 12350.0659451309
12943 12351.0929762936
12944 12351.5585295838
12945 12352.5147345357
12946 12353.3139352088
12947 12354.3581012742
12948 12355.2626903721
12949 12356.1699602864
12950 12357.0933396087
12951 12357.7169760418
12952 12358.649675494
12953 12358.9820601885
12954 12360.5039922021
12955 12361.0480886544
12956 12361.7768354576
12957 12362.4224360238
12958 12362.844140248
12959 12364.4075711528
12960 12365.3973225249
12961 12366.3209981651
12962 12366.8996042176
12963 12367.6119520379
12964 12368.7433817529
12965 12369.1218687441
12966 12369.5873233416
12967 12371.0093810963
12968 12371.6465125367
12969 12372.4422214422
12970 12373.6591284446
12971 12374.3133008229
12972 12374.9149747599
12973 12376.0011350256
12974 12377.1971889575
12975 12377.6045021346
12976 12378.2746372001
12977 12379.162024633
12978 12379.7690688253
12979 12380.8069623361
12980 12381.311447238
12981 12382.4328640271
12982 12384.0186438518
12983 12384.5057816788
12984 12384.9400850509
12985 12385.7522558958
12986 12386.6191781209
12987 12387.3089993528
12988 12388.514168995
12989 12389.0441247001
12990 12389.8648635354
12991 12390.5913177361
12992 12391.5253815612
12993 12392.686289496
12994 12393.4064519638
12995 12394.3311134983
12996 12395.0696532409
12997 12395.9378133599
12998 12396.6698579788
12999 12397.3023132588
13000 12397.7782026867
