17001 15659.7190199215
17002 15660.0291146804
17003 15661.1749584077
17004 15661.5881790947
17005 15662.1816088212
17006 15663.1518585477
17007 15664.3466369144
17008 15665.2135289272
17009 15665.8919223407
17010 15666.9189131951
17011 15667.6049983418
17012 15668.3218177692
17013 15668.7902954911
17014 15669.3018630349
17015 15670.5827039117
17016 15671.5679805666
17017 15671.9852987133
17018 15673.2078440308
17019 15673.819135376
17020 15674.8412018611
17021 15675.467874095
17022 15676.2826639241
17023 15677.177598517
17024 15677.9213328903
17025 15678.7490971307
17026 15679.1275742575
17027 15680.2382158583
17028 15680.7087412388
17029 15681.4674067218
17030 15683.2847089064
17031 15683.9986857589
17032 15684.1331560972
17033 15685.2121499428
17034 15685.6191491454
17035 15686.8620494008
17036 15687.2044068068
17037 15688.4249274839
17038 15688.8379149739
17039 15689.6921765602
17040 15690.8925210535
17041 15691.5584685362
17042 15692.0766106912
17043 15693.4315577245
17044 15693.9926165717
17045 15694.9904550096
17046 15695.6504238464
17047 15696.2625671217
17048 15696.8974338325
17049 15697.6353062458
17050 15698.3729052555
17051 15699.6305807101
17052 15700.4911194994
17053 15701.2986054562
17054 15702.159834704
17055 15702.9924896457
17056 15703.4762347255
17057 15704.228223711
17058 15704.924502783
17059 15706.2019245102
17060 15706.9648927358
17061 15707.2519851311
17062 15708.0298431795
17063 15708.932453148
17064 15710.3041805096
17065 15710.9129520385
17066 15711.8354206419
17067 15712.5968809354
17068 15713.278774037
17069 15713.7890294203
17070 15714.7769068247
17071 15715.4733137822
17072 15715.9001415558
17073 15717.2687603783
17074 15717.9892577852
17075 15719.158865788
17076 15719.9629152278
17077 15720.1228889294
17078 15721.0615784788
17079 15722.3459998073
17080 15723.0369147024
17081 15723.6207651366
17082 15724.0466300475
17083 15725.3677810594
17084 15725.702827477
17085 15726.5533462895
17086 15727.6022823076
17087 15728.8157942745
17088 15729.5590701031
17089 15730.3791405659
17090 15730.8297030926
17091 15731.4122537252
17092 15732.424141698
17093 15732.98247836
17094 15734.0684534595
17095 15734.8468809288
17096 15735.7103155307
17097 15736.1903158406
17098 15737.5319902142
17099 15738.185799999
17100 15738.9904074032
17101 15739.7525826083
17102 15740.5084398358
17103 15741.5546146781
17104 15742.1352430796
17105 15742.6453933278
17106 15743.2884601775
17107 15744.0625268677
17108 15745.556500759
17109 15746.4820292605
17110 15747.1297616907
17111 15747.6250981032
17112 15748.7306159723
17113 15749.4926623738
17114 15749.6505508824
17115 15751.0480500112
17116 15751.7166974645
17117 15752.348520873
17118 15753.2604087614
17119 15753.984351342
17120 15755.1462942247
17121 15755.4239930865
17122 15756.9529583935
17123 15757.7065293983
17124 15758.2443371234
17125 15758.9613024015
17126 15759.6918387024
17127 15760.1032991344
17128 15761.337161361
17129 15762.1956688878
17130 15762.4629853813
17131 15764.1501009232
17132 15764.8932099285
17133 15765.4546134306
17134 15766.1690976709
17135 15766.875764794
17136 15767.7329596877
17137 15768.8168220328
17138 15769.4319574643
17139 15770.0530996715
17140 15770.8797679414
17141 15771.3537110136
17142 15772.4494901736
17143 15773.6630812097
17144 15774.6023963426
17145 15775.1860804798
17146 15775.7140861945
17147 15776.8955965824
17148 15777.3820764217
17149 15778.0183715289
17150 15778.5605812325
17151 15779.7284693069
17152 15780.7826806987
17153 15781.51700049
17154 15782.0799746782
17155 15783.2196841063
17156 15783.8532474011
17157 15784.7593464857
17158 15785.5933193614
17159 15786.355886816
17160 15786.9391683541
17161 15787.8443629149
17162 15788.5394377025
17163 15789.0537387934
17164 15789.9351760925
17165 15791.3008630585
17166 15792.0602730974
17167 15793.1575038142
17168 15793.704709454
17169 15794.0716008832
17170 15794.7481367092
17171 15795.8695186365
17172 15796.7581983363
17173 15797.4153279956
17174 15798.1717067102
17175 15798.7605120316
17176 15800.01693482
17177 15800.8499746435
17178 15801.4869687724
17179 15802.2472779307
17180 15803.594150567
17181 15804.1183177894
17182 15804.5070230745
17183 15805.4037052238
17184 15806.1057228827
17185 15806.7563895222
17186 15807.6032678221
17187 15809.1832235587
17188 15809.4696591238
17189 15810.6639796832
17190 15811.0758308487
17191 15811.9781790714
17192 15812.7740554649
17193 15813.4919247948
17194 15814.1216209648
17195 15815.3370308005
17196 15815.7844658726
17197 15816.7604999818
17198 15817.144223325
17199 15818.0495322257
17200 15819.7043200187
17201 15820.2045077089
17202 15820.834689161
17203 15821.6311545355
17204 15822.3645549692
17205 15823.024029623
17206 15823.9698832152
17207 15824.2353062739
17208 15825.7107522638
17209 15826.0400526789
17210 15827.4769000331
17211 15828.2104794382
17212 15828.7624735004
17213 15829.5733034558
17214 15830.3027352352
17215 15831.2770196896
17216 15832.3509798159
17217 15832.7508605333
17218 15833.4383238738
17219 15833.7708913114
17220 15835.3427881784
17221 15835.6415132496
17222 15837.0694609771
17223 15837.770778276
17224 15838.879248926
17225 15839.1645498383
17226 15840.1744110017
17227 15840.5289416277
17228 15841.2512023077
17229 15842.4273139415
17230 15843.3405400831
17231 15843.7738166824
17232 15844.7265568692
17233 15845.8202944799
17234 15846.2664489341
17235 15847.4251316628
17236 15848.2403308793
17237 15849.0219385293
17238 15849.5137835151
17239 15850.4663573444
17240 15851.2440739716
17241 15851.9232741539
17242 15852.3066124646
17243 15853.2919371771
17244 15854.9267459621
17245 15855.7249924028
17246 15855.9922247159
17247 15856.8282669773
17248 15857.6922647284
17249 15858.3066496484
17250 15859.5197944345
17251 15859.7623748028
17252 15860.7981250621
17253 15861.6732945358
17254 15862.2691651224
17255 15863.0281143851
17256 15864.4107570997
17257 15864.7036077014
17258 15865.9885732174
17259 15866.7717332817
17260 15867.4662639463
17261 15867.961545834
17262 15868.6752130919
17263 15869.3249882447
17264 15870.2866271178
17265 15871.3116229085
17266 15872.122653438
17267 15872.8811108656
17268 15873.9914464022
17269 15874.9380303172
17270 15875.1114609945
17271 15875.7388916132
17272 15877.1706297433
17273 15877.8183360441
17274 15878.368938124
17275 15879.3886989718
17276 15879.7217196547
17277 15880.4652320289
17278 15881.832862659
17279 15882.778069582
17280 15883.7252495192
17281 15884.2679868938
17282 15884.8181153199
17283 15885.8902687657
17284 15886.217736296
17285 15887.3707557517
17286 15887.7904748898
17287 15888.6995651092
17288 15889.8662035228
17289 15890.7016606811
17290 15891.4284095484
17291 15891.9576497288
17292 15892.9915483369
17293 15894.1201600474
17294 15894.6049605571
17295 15895.3826711374
17296 15895.9971064755
17297 15896.8448397062
17298 15897.5660115382
17299 15898.2058236927
17300 15899.1597180915
17301 15900.5286642789
17302 15901.3152722959
17303 15901.9027838527
17304 15902.5821883547
17305 15903.5431620671
17306 15903.8314814669
17307 15904.6548490165
17308 15906.1153860525
17309 15906.5637350248
17310 15907.0642140913
17311 15907.881743554
17312 15909.1036929751
17313 15909.9225698009
17314 15910.6677768745
17315 15911.662950881
17316 15912.0575978229
17317 15913.5311124511
17318 15913.6894951792
17319 15914.2205948387
17320 15915.0725142887
17321 15915.8222103766
17322 15917.0824772779
17323 15917.8800017778
17324 15919.0215969359
17325 15919.4845490055
17326 15920.0985042872
17327 15921.0361880236
17328 15921.8464282912
17329 15922.5570033026
17330 15923.4722791201
17331 15924.1041850722
17332 15924.7820054658
17333 15925.8678545602
17334 15926.31407062
17335 15927.2267650128
17336 15928.6916346559
17337 15929.3040039143
17338 15930.2560807085
17339 15930.4237854248
17340 15931.1231020653
17341 15932.2558032556
17342 15932.8557299731
17343 15933.5783568294
17344 15934.4918075063
17345 15935.4976305341
17346 15936.3328565177
17347 15937.4066328616
17348 15937.7396807346
17349 15938.5652185568
17350 15939.4930666409
17351 15940.3696871626
17352 15941.263602968
17353 15941.7179242894
17354 15942.4583307611
17355 15943.2366696208
17356 15943.6471702639
17357 15945.4840574099
17358 15946.1681343005
17359 15946.5323467461
17360 15947.810848674
17361 15948.4277965416
17362 15948.9355710849
17363 15949.6958739098
17364 15950.3858670055
17365 15951.3470595879
17366 15952.522432334
17367 15952.8428944272
17368 15953.75629036
17369 15954.6296144129
17370 15955.7743946623
17371 15956.1688619582
17372 15957.3835414826
17373 15958.089319051
17374 15958.6188505407
17375 15959.3211664798
17376 15960.1442835233
17377 15960.93593729
17378 15961.5247534419
17379 15962.4434707486
17380 15963.9852492784
17381 15964.5801081988
17382 15965.2480589272
17383 15965.9812557434
17384 15966.2811692734
17385 15967.5412066064
17386 15968.4022479797
17387 15969.2158428774
17388 15969.5721901904
17389 15970.5269715433
17390 15971.3556307848
17391 15972.373023275
17392 15972.9833113349
17393 15974.2089524589
17394 15974.988999887
17395 15975.6329651638
17396 15976.2992699777
17397 15977.2787331855
17398 15977.6783044632
17399 15978.0914487314
17400 15979.5304476852
17401 15980.2107746577
17402 15981.3585206895
17403 15982.0195741107
17404 15982.6781102437
17405 15983.7400398405
17406 15984.4412451847
17407 15984.9815100814
17408 15985.8616820936
17409 15986.7944148023
17410 15987.7900092722
17411 15988.1058634922
17412 15988.565957071
17413 15989.7198378373
17414 15990.8063827661
17415 15992.2409916626
17416 15992.3497126887
17417 15993.1908839674
17418 15993.9518952163
17419 15994.7354242888
17420 15995.3125429039
17421 15996.1047309091
17422 15997.3568304025
17423 15997.5361191022
17424 15998.6503221458
17425 15999.932456213
17426 16000.3106349102
17427 16001.2301865022
17428 16001.678946861
17429 16003.2436292293
17430 16003.729991825
17431 16004.287208317
17432 16004.9809148473
17433 16005.6457247375
17434 16006.5951018548
17435 16007.2684105018
17436 16008.3638883056
17437 16009.5031452322
17438 16010.1604991132
17439 16011.2231553519
17440 16011.3180118996
17441 16012.3630389977
17442 16012.84414574
17443 16014.0771447718
17444 16014.5889340314
17445 16015.6188932494
17446 16016.5324339294
17447 16016.6140196012
17448 16017.9335593331
17449 16019.0229767073
17450 16020.0279760537
17451 16020.1928038051
17452 16021.5029689461
17453 16021.8117594957
17454 16022.7968168789
17455 16023.5303033477
17456 16024.0851416338
17457 16024.5437151548
17458 16026.2944924807
17459 16027.0580880614
17460 16027.6221484616
17461 16028.5569961274
17462 16029.177432392
17463 16029.8982095406
17464 16030.7954477118
17465 16031.7012597108
17466 16032.4606476587
17467 16032.9224693323
17468 16033.8285630113
17469 16034.6198242135
17470 16035.4192387467
17471 16036.54070827
17472 16037.3448587635
17473 16038.3928331623
17474 16039.0569016269
17475 16039.7200568049
17476 16039.9932647163
17477 16040.8814595185
17478 16041.9710142798
17479 16042.6996836337
17480 16043.6412062534
17481 16044.0966615998
17482 16045.6865438573
17483 16046.1109419188
17484 16046.6160562361
17485 16047.7803068632
17486 16048.3265453057
17487 16049.422044912
17488 16050.0484248345
17489 16050.9005289441
17490 16051.139790678
17491 16052.271360085
17492 16052.6994670674
17493 16054.3303663826
17494 16055.2707982024
17495 16055.8858244957
17496 16056.2314390577
17497 16057.2074335479
17498 16058.2580225517
17499 16058.6200876739
17500 16059.257363998
17501 16060.3651516308
17502 16061.3219821827
17503 16061.8338786715
17504 16062.9315744382
17505 16063.5099827159
17506 16064.3609776456
17507 16065.733590956
17508 16066.109948713
17509 16066.8119954306
17510 16067.7068458984
17511 16068.3573229668
17512 16068.9211984761
17513 16069.7315144863
17514 16070.634777563
17515 16071.6410294439
17516 16072.6529966895
17517 16073.6047508727
17518 16074.2278221596
17519 16074.7963016563
17520 16075.4435349986
17521 16076.19817968
17522 16077.5432494881
17523 16078.0799991371
17524 16078.6741252775
17525 16079.3094377463
17526 16080.1472198937
17527 16081.4816422741
17528 16082.0869885787
17529 16082.9417574885
17530 16084.0039287766
17531 16084.5306843803
17532 16085.3435787052
17533 16085.9028053183
17534 16086.5222122513
17535 16087.4529833473
17536 16088.1378702503
17537 16089.3347547217
17538 16090.3889579227
17539 16090.8255839583
17540 16091.63419659
17541 16092.6949010143
17542 16093.023505188
17543 16094.3588602562
17544 16095.0467474564
17545 16095.1630657307
17546 16096.5786559008
17547 16097.125184569
17548 16097.9572443729
17549 16098.1814715329
17550 16100.0493742647
17551 16100.8314282074
17552 16101.5302582965
17553 16102.0405213144
17554 16102.8715430968
17555 16103.4659631786
17556 16104.3017987655
17557 16105.1684368453
17558 16106.016050971
17559 16106.6147095917
17560 16107.8399170432
17561 16108.2651394802
17562 16109.7100475911
17563 16109.9578786069
17564 16110.7449121063
17565 16111.8318252774
17566 16112.8552276243
17567 16113.169229543
17568 16114.0479688297
17569 16114.4174671744
17570 16115.2090487355
17571 16116.4607559805
17572 16117.3907507393
17573 16118.3453159056
17574 16118.9759311729
17575 16119.8783551468
17576 16120.6421345741
17577 16121.0023094909
17578 16121.8805856459
17579 16122.7799436083
17580 16123.8539632137
17581 16124.3580255239
17582 16124.9525870284
17583 16126.1265554609
17584 16126.6870135506
17585 16127.765584199
17586 16128.9085151735
17587 16129.5578198869
17588 16130.0017848511
17589 16130.6834093793
17590 16131.8275216577
17591 16132.1750724086
17592 16133.0229791383
17593 16133.7511853596
17594 16134.7985453725
17595 16136.2793238799
17596 16136.6029946413
17597 16137.3525897953
17598 16137.7380642717
17599 16139.0263590978
17600 16139.7567013471
17601 16140.4258200709
17602 16141.3505490146
17603 16141.9967038214
17604 16142.4755914798
17605 16143.5153880392
17606 16144.3641093611
17607 16145.4835757455
17608 16146.3993524869
17609 16146.9585723984
17610 16147.9886385693
17611 16148.4945959616
17612 16149.0731542484
17613 16149.8768323417
17614 16150.4045996524
17615 16152.0034048175
17616 16152.37427623
17617 16153.0830356183
17618 16154.1889190922
17619 16155.1121710806
17620 16155.7229162438
17621 16156.5233787432
17622 16157.2144990737
17623 16158.2956300585
17624 16158.9996327675
17625 16159.4255826502
17626 16160.3746740739
17627 16160.8662673701
17628 16161.7090898408
17629 16163.3967561646
17630 16163.8479218283
17631 16164.7320612517
17632 16165.4329612767
17633 16165.9798554711
17634 16166.5854750681
17635 16167.8649113966
17636 16168.3409815948
17637 16169.1250699657
17638 16169.8366837431
17639 16171.0067693268
17640 16171.6878077903
17641 16172.4556559937
17642 16173.1995516327
17643 16174.3778939529
17644 16175.1236086424
17645 16176.0100605677
17646 16176.2876394968
17647 16176.9173582116
17648 16178.0377040932
17649 16178.6449074424
17650 16179.2796867738
17651 16180.7873103949
17652 16181.426937455
17653 16182.2920257888
17654 16182.9925110769
17655 16183.845427187
17656 16184.2954301196
17657 16185.0278300071
17658 16186.3083631693
17659 16186.8043980741
17660 16187.7910333154
17661 16188.2249226763
17662 16188.7541228637
17663 16190.1931824165
17664 16191.2271070393
17665 16191.9129273394
17666 16192.5279911947
17667 16193.3426838653
17668 16194.2699991869
17669 16194.8413742318
17670 16195.3097602241
17671 16196.0920406153
17672 16197.2761268149
17673 16198.0149238486
17674 16199.1510049422
17675 16199.7769324878
17676 16200.6762766973
17677 16201.0312345016
17678 16202.1633806916
17679 16203.1548364927
17680 16203.6361632698
17681 16204.5479199155
17682 16204.9457858011
17683 16205.9862095848
17684 16206.5476811556
17685 16207.6976364163
17686 16208.3078655425
17687 16210.0370388626
17688 16210.333575584
17689 16210.7906043105
17690 16211.5597455886
17691 16212.4516503649
17692 16212.9088458783
17693 16214.2077013861
17694 16214.7483586122
17695 16215.5569771813
17696 16216.3186656591
17697 16217.4585697234
17698 16218.2234588219
17699 16218.7787997167
17700 16219.8784780124
17701 16220.6269976871
17702 16221.2962901406
17703 16222.101682974
17704 16223.1104354006
17705 16223.2648504796
17706 16223.8386648991
17707 16225.1223825365
17708 16226.6533784154
17709 16226.9275377639
17710 16227.8280457952
17711 16228.4351045843
17712 16229.4469622592
17713 16230.1099375807
17714 16230.5559504327
17715 16231.6590507859
17716 16232.4288435474
17717 16233.2552734714
17718 16234.0306536505
17719 16234.5288115359
17720 16235.6941948894
17721 16236.675991214
17722 16237.4435051889
17723 16238.4695588349
17724 16238.8785449994
17725 16239.7780008375
17726 16240.027424299
17727 16241.1063116757
17728 16242.0148329736
17729 16242.5368952275
17730 16243.6287246102
17731 16244.7533579964
17732 16245.5343212509
17733 16246.2583549329
17734 16246.8502675803
17735 16247.2635631745
17736 16248.6809919779
17737 16249.5710687648
17738 16250.0355524028
17739 16250.4399360788
17740 16251.5049843003
17741 16252.26743781
17742 16253.0582187566
17743 16254.5919129077
17744 16254.9094993727
17745 16255.8087830785
17746 16256.8662506066
17747 16257.0342139855
17748 16257.9666617794
17749 16258.6930986746
17750 16259.3044389897
17751 16260.3672322818
17752 16261.432206589
17753 16262.0296811385
17754 16262.9698270458
17755 16263.4852637278
17756 16264.7402414626
17757 16265.3502086676
17758 16266.2280559139
17759 16266.6731745845
17760 16267.7896984998
17761 16268.3975745018
17762 16269.022695589
17763 16269.7223252002
17764 16270.4394356084
17765 16272.2013495619
17766 16272.5903211006
17767 16273.5422408152
17768 16274.2485872828
17769 16274.5501452782
17770 16275.6484073852
17771 16276.2640377201
17772 16277.1956332458
17773 16278.2325258863
17774 16278.6607186942
17775 16279.1863428626
17776 16280.8319009687
17777 16281.2552556794
17778 16281.9002014478
17779 16282.9998478451
17780 16284.0092324778
17781 16284.5763537267
17782 16285.2834035783
17783 16285.7940794354
17784 16286.5009108654
17785 16287.2759531934
17786 16288.5479933155
17787 16289.1426610395
17788 16290.3001182262
17789 16291.1531736795
17790 16291.6742852008
17791 16292.4276769534
17792 16293.094661324
17793 16294.2526219374
17794 16294.5222646108
17795 16295.7857654047
17796 16296.4063995421
17797 16296.9816524542
17798 16297.763559476
17799 16298.6244801557
17800 16300.0245457916
17801 16300.7908658408
17802 16301.5836807667
17803 16301.7482511319
17804 16302.7872347364
17805 16303.7567902832
17806 16304.1527031068
17807 16304.962064013
17808 16305.7077192007
17809 16306.9341134713
17810 16307.8800982459
17811 16308.532297474
17812 16309.165142429
17813 16310.180971764
17814 16310.6360025261
17815 16311.8499119507
17816 16312.6490440553
17817 16313.0841040748
17818 16313.787078892
17819 16314.6890768598
17820 16315.1657857723
17821 16316.4088394566
17822 16317.4008715262
17823 16318.289376793
17824 16318.9254556826
17825 16320.0303520857
17826 16320.4565289385
17827 16320.8691489473
17828 16321.5478159436
17829 16323.1089243004
17830 16323.4583938257
17831 16324.2481532666
17832 16325.1297307462
17833 16325.9356801729
17834 16326.9930608456
17835 16327.8169401145
17836 16328.2779702336
17837 16329.5185797676
17838 16330.028735841
17839 16330.8615822507
17840 16331.3859317056
17841 16332.2615606799
17842 16332.8779139788
17843 16333.547665912
17844 16335.1265880464
17845 16336.1373712729
17846 16336.5386186578
17847 16336.949501902
17848 16338.0774931862
17849 16338.7116319452
17850 16339.5870982665
17851 16340.5093859749
17852 16340.8562422627
17853 16341.912931523
17854 16342.8378739273
17855 16343.3232090437
17856 16344.3453714608
17857 16345.2106573687
17858 16346.437145542
17859 16347.1386040788
17860 16347.3869165126
17861 16348.6420005671
17862 16348.7782364406
17863 16349.8591044304
17864 16350.315569324
17865 16351.6535782338
17866 16352.3375298435
17867 16353.1699985959
17868 16354.3463592098
17869 16354.9253734079
17870 16355.4955355357
17871 16356.3125597923
17872 16357.0536787553
17873 16358.0969428864
17874 16359.0926179651
17875 16359.3305185717
17876 16360.0271398238
17877 16360.6346407372
17878 16362.1343925186
17879 16362.9358870584
17880 16363.8185026679
17881 16364.5567097408
17882 16365.3445865312
17883 16365.8017120978
17884 16366.7922797762
17885 16367.3116252824
17886 16368.0349151723
17887 16369.1169940231
17888 16369.9317952283
17889 16370.7152990613
17890 16371.8254997025
17891 16372.3791438762
17892 16372.8484685505
17893 16374.3201303434
17894 16375.0548280378
17895 16375.3816705271
17896 16376.401856132
17897 16376.782338501
17898 16377.9149449828
17899 16378.7075694071
17900 16378.8636676874
17901 16380.6228965802
17902 16381.5100530333
17903 16382.268701459
17904 16382.7095552034
17905 16383.5600559057
17906 16384.0079161145
17907 16385.1420811652
17908 16385.8262267311
17909 16386.8398296735
17910 16387.3339934373
17911 16388.099565546
17912 16389.0509800111
17913 16389.9636749763
17914 16391.0064538292
17915 16391.6405387892
17916 16392.2316104373
17917 16393.5277108834
17918 16393.9515324632
17919 16394.5824883
17920 16395.099842737
17921 16395.9429119307
17922 16396.9065386928
17923 16398.2447222411
17924 16399.0023650373
17925 16399.2927155582
17926 16400.7913569992
17927 16400.9013187285
17928 16401.9543405192
17929 16402.4525824065
17930 16403.6948134257
17931 16404.2738040146
17932 16404.8892865369
17933 16405.7475983215
17934 16406.5610718071
17935 16407.1996499113
17936 16408.4903358602
17937 16409.59992096
17938 16410.0058856489
17939 16410.8992682526
17940 16411.3269654593
17941 16411.98604029
17942 16413.0371715416
17943 16413.7091584571
17944 16414.6330939411
17945 16415.0956348054
17946 16416.6007237692
17947 16417.3229014111
17948 16417.8894885656
17949 16418.5812894716
17950 16419.3607528469
17951 16420.662432716
17952 16421.1036803216
17953 16421.7331394557
17954 16422.7277583864
17955 16423.108330137
17956 16423.8193473178
17957 16424.9608197007
17958 16426.1435600843
17959 16426.9161567846
17960 16427.654070921
17961 16428.3138763848
17962 16429.0859300192
17963 16430.0016588964
17964 16430.267128604
17965 16431.0729254669
17966 16432.4550980257
17967 16433.06514847
17968 16433.6945406269
17969 16434.3962176197
17970 16435.6480460595
17971 16436.3321017954
17972 16437.152395403
17973 16438.1400436943
17974 16438.5903554061
17975 16439.300971306
17976 16440.4850904414
17977 16440.7559482268
17978 16441.2227978612
17979 16442.4908739448
17980 16443.463303498
17981 16444.6010081488
17982 16445.4347546975
17983 16445.7616139124
17984 16446.5920896496
17985 16447.1295629162
17986 16448.2741836707
17987 16449.3054866908
17988 16449.5716252702
17989 16450.401739726
17990 16451.1860941292
17991 16452.1299555081
17992 16453.1647132178
17993 16453.6393917811
17994 16454.8649335518
17995 16455.7651263482
17996 16456.421452482
17997 16456.8989535749
17998 16457.5538296839
17999 16458.3894112401
18000 16459.0842220452
