9001 9020.07249360184
9002 9020.64601711748
9003 9021.25703693726
9004 9022.74593435279
9005 9022.96548803328
9006 9023.56519377403
9007 9024.66724599258
9008 9025.62855953368
9009 9026.52171397
9010 9027.23150480319
9011 9028.10683645752
9012 9028.98708138613
9013 9030.14763195657
9014 9031.03297677679
9015 9032.14973884913
9016 9032.44425862135
9017 9033.51572083041
9018 9033.854034846
9019 9035.16894936759
9020 9035.74905904758
9021 9036.4293066135
9022 9038.30221047274
9023 9038.74479837616
9024 9039.77317875752
9025 9040.14020882397
9026 9040.97549123166
9027 9042.31386599618
9028 9043.01942131907
9029 9043.61077297106
9030 9044.61807114781
9031 9045.10859088236
9032 9046.31502970165
9033 9047.17889892122
9034 9048.58855450527
9035 9049.08793780214
9036 9049.99271486745
9037 9050.88220563256
9038 9051.42850900067
9039 9052.22433938608
9040 9052.7554172313
9041 9054.40010678206
9042 9054.93126407212
9043 9055.9052405861
9044 9056.78535195647
9045 9057.93028844432
9046 9058.35273134201
9047 9059.69520179421
9048 9059.90155074072
9049 9061.26101025908
9050 9062.01037542829
9051 9062.55664082288
9052 9063.0659876661
9053 9064.39864701311
9054 9065.6764450113
9055 9066.71593721886
9056 9067.34431912352
9057 9067.89069302605
9058 9068.70756589081
9059 9069.65186401375
9060 9070.41982065243
9061 9071.4852750933
9062 9072.06889011819
9063 9072.95048198913
9064 9074.38155178092
9065 9074.86975581314
9066 9075.53980039094
9067 9076.90534256226
9068 9077.94119316316
9069 9078.38881314885
9070 9078.88506880999
9071 9079.9585946885
9072 9080.60027883676
9073 9081.52502964074
9074 9082.68745916601
9075 9083.81768446794
9076 9084.71918933905
9077 9085.2619910062
9078 9086.21679144201
9079 9086.854064629
9080 9087.61998905899
9081 9088.90898849989
9082 9089.42599860217
9083 9090.49898866222
9084 9090.95396703052
9085 9091.77838580769
9086 9093.55454059272
9087 9094.08065373882
9088 9094.81793616185
9089 9095.70728336486
9090 9096.61158923844
9091 9097.16415072332
9092 9098.09211541723
9093 9098.53204216706
9094 9099.83663563567
9095 9101.04237424089
9096 9101.88525082986
9097 9102.49748097108
9098 9103.49378709446
9099 9104.19325614151
9100 9105.07492082964
9101 9106.47416154683
9102 9106.70526754754
9103 9107.19120266358
9104 9108.61364318405
9105 9109.02397077551
9106 9110.23038651466
9107 9111.37508487863
9108 9112.38158261045
9109 9113.30229784667
9110 9113.65879728217
9111 9114.44485343854
9112 9115.04293063619
9113 9116.42440531445
9114 9117.13705832992
9115 9117.86096802516
9116 9118.81094424742
9117 9120.11628159297
9118 9120.56926431698
9119 9121.584902245
9120 9122.50496521096
9121 9123.3938549389
9122 9124.08487439227
9123 9125.05967715257
9124 9125.6042477381
9125 9126.23547279669
9126 9127.12139269103
9127 9128.94596223744
9128 9129.47300095356
9129 9130.44670165357
9130 9130.76815917079
9131 9131.95737371251
9132 9132.87702227627
9133 9133.25313272217
9134 9134.29913695012
9135 9135.42745733447
9136 9136.13960199379
9137 9136.6791964365
9138 9138.10591077916
9139 9138.60038278962
9140 9140.23196981821
9141 9140.57825969713
9142 9141.35717936233
9143 9142.26652321993
9144 9142.83690770872
9145 9143.59697793963
9146 9144.61998082022
9147 9145.63852232216
9148 9146.52635840551
9149 9147.80889496309
9150 9148.55504714164
9151 9149.11799684956
9152 9149.55812385304
9153 9151.02645517349
9154 9151.81767210036
9155 9152.64901856689
9156 9153.26780874967
9157 9153.74020009562
9158 9155.11113426514
9159 9156.08802623241
9160 9157.20085386019
9161 9157.95760348164
9162 9158.83011689725
9163 9159.43882497498
9164 9160.35384771106
9165 9160.79613941842
9166 9161.92643233994
9167 9162.62707528489
9168 9164.01125856875
9169 9164.76502148888
9170 9165.44866341439
9171 9166.38173437075
9172 9167.38244742291
9173 9168.30492587811
9174 9169.00561531392
9175 9169.68967231046
9176 9170.65894611362
9177 9171.40201382059
9178 9172.21332178222
9179 9172.68391045042
9180 9174.79944824838
9181 9175.20883588123
9182 9175.92745835454
9183 9176.89101712354
9184 9177.47920889298
9185 9178.13037759833
9186 9179.2859797557
9187 9180.3211133958
9188 9180.73928697382
9189 9181.70297429629
9190 9182.81117398477
9191 9183.69983753833
9192 9184.76719441418
9193 9185.13600060918
9194 9186.57814663639
9195 9187.34508688957
9196 9187.81149703236
9197 9188.46482956272
9198 9189.18731321527
9199 9190.36677936412
9200 9191.46311865612
9201 9192.43869165394
9202 9193.36891187573
9203 9194.03649758326
9204 9194.99861807003
9205 9195.41599334156
9206 9196.5413768225
9207 9197.37579302477
9208 9198.42875155457
9209 9198.78934749129
9210 9200.00674634404
9211 9200.45107757146
9212 9201.8374348328
9213 9203.05094149062
9214 9203.76179010095
9215 9204.44993035458
9216 9204.76070825841
9217 9206.1653507916
9218 9206.84737541625
9219 9207.18975032856
9220 9208.52041415296
9221 9209.48093305616
9222 9210.87397897429
9223 9211.22022062268
9224 9211.87832661384
9225 9212.94254301804
9226 9213.9534572425
9227 9214.80981538286
9228 9215.3830636067
9229 9216.39649988313
9230 9216.88916299864
9231 9217.63241362671
9232 9219.12506526566
9233 9220.02008339124
9234 9220.85213798171
9235 9222.00079828777
9236 9222.35404756048
9237 9223.23785907079
9238 9223.87004609629
9239 9224.57816342444
9240 9226.17321590061
9241 9226.62576279994
9242 9227.2621949714
9243 9228.5021579917
9244 9229.55836412936
9245 9230.16070477899
9246 9231.11634154665
9247 9232.08259409769
9248 9232.76455761652
9249 9233.6903665089
9250 9234.08640167978
9251 9235.30907430578
9252 9235.52066901689
9253 9237.25582576793
9254 9238.52552417848
9255 9238.87316211813
9256 9239.59976044538
9257 9240.46331840656
9258 9241.16892723349
9259 9242.43874705555
9260 9243.00272714477
9261 9243.62962541407
9262 9244.72225615466
9263 9245.73031725987
9264 9246.37247921797
9265 9247.32368200893
9266 9248.85966442793
9267 9249.09713424481
9268 9250.21723255169
9269 9250.85026873117
9270 9251.32533200992
9271 9252.3019826604
9272 9253.26689587788
9273 9254.03996375022
9274 9255.62924273497
9275 9255.87030715937
9276 9257.09097636953
9277 9257.92285105221
9278 9258.51319798889
9279 9259.19949049689
9280 9260.46268608954
9281 9261.4109177522
9282 9261.83261553093
9283 9262.57190534142
9284 9263.27886389933
9285 9264.80855551076
9286 9265.91499933909
9287 9266.52335558628
9288 9267.15763737718
9289 9268.35988508367
9290 9268.84666383647
9291 9269.38531260405
9292 9270.50492592849
9293 9271.30102811859
9294 9272.39410268719
9295 9273.26684319851
9296 9274.33813383982
9297 9274.98637591318
9298 9275.55551246177
9299 9277.16051444452
9300 9277.6087683745
9301 9278.35621454612
9302 9279.04093307774
9303 9279.93825616091
9304 9280.76926759345
9305 9281.53743879317
9306 9282.7342889372
9307 9284.09368167508
9308 9284.76247843697
9309 9285.3441596894
9310 9285.84943111895
9311 9286.90156916403
9312 9287.79942753086
9313 9288.65767886105
9314 9289.63471649279
9315 9290.23847255811
9316 9291.07114994905
9317 9292.45015101933
9318 9293.02037157276
9319 9294.07709979614
9320 9294.99441428598
9321 9295.56422347183
9322 9296.60704727323
9323 9297.32859782158
9324 9297.79141709467
9325 9298.41582295426
9326 9300.17430470534
9327 9301.09550497209
9328 9301.63067786168
9329 9302.76116916232
9330 9303.23885258441
9331 9304.47816909774
9332 9304.74721915292
9333 9306.00292538283
9334 9306.80809866753
9335 9307.50114415439
9336 9308.39768757784
9337 9309.05930720877
9338 9310.29418282278
9339 9311.39426339071
9340 9312.28709001051
9341 9313.13711097672
9342 9313.64204178663
9343 9314.19176755592
9344 9315.25777709271
9345 9316.09199379668
9346 9317.22147836038
9347 9317.52086438138
9348 9319.33790016397
9349 9319.82779519436
9350 9320.59291336435
9351 9321.35503746478
9352 9322.19985897579
9353 9323.57990383533
9354 9324.03864299995
9355 9324.66247803088
9356 9325.35989101841
9357 9326.49659379036
9358 9327.02934017641
9359 9328.93727621006
9360 9329.23594041005
9361 9330.23065958298
9362 9330.92183415754
9363 9331.87583821098
9364 9332.54553570905
9365 9332.99017777722
9366 9334.30589877917
9367 9335.20648919642
9368 9336.03151110968
9369 9336.96641571989
9370 9337.53550602718
9371 9338.97053275469
9372 9339.7342067121
9373 9340.3360050104
9374 9341.3408221961
9375 9341.999574596
9376 9342.92390215608
9377 9343.47876154497
9378 9344.18990397242
9379 9345.47393498996
9380 9346.90962624347
9381 9347.35088676228
9382 9348.41215340631
9383 9348.84743879196
9384 9349.5341748255
9385 9350.7018230593
9386 9351.64012634354
9387 9352.39966326756
9388 9353.01445310345
9389 9353.74350676098
9390 9355.23510615785
9391 9355.82017598183
9392 9356.67303379742
9393 9357.97051388961
9394 9358.83867555758
9395 9359.07690340552
9396 9360.02505741508
9397 9360.68231426068
9398 9361.52705253251
9399 9362.64821472774
9400 9363.69001654497
9401 9364.53242265604
9402 9365.5655613787
9403 9366.26348524511
9404 9366.85645210705
9405 9367.99462155823
9406 9368.90091815832
9407 9369.26487503446
9408 9370.763366235
9409 9371.17873481453
9410 9371.58759999019
9411 9372.78475197494
9412 9374.37951045016
9413 9375.1707950011
9414 9375.73653752114
9415 9376.32813022952
9416 9377.45065113365
9417 9377.98370259443
9418 9379.01843792504
9419 9379.49434412349
9420 9380.79387368914
9421 9381.67584048512
9422 9382.56044080455
9423 9383.5683744175
9424 9384.09045145915
9425 9385.11035916436
9426 9386.23491401905
9427 9386.88861220783
9428 9387.73383277222
9429 9388.12180278369
9430 9388.97916960421
9431 9390.09046651872
9432 9391.04976436845
9433 9392.30585252851
9434 9392.96447718119
9435 9393.98475623885
9436 9394.68978401524
9437 9395.10341603585
9438 9395.82631014732
9439 9397.47256424687
9440 9397.81826762513
9441 9398.61886889188
9442 9399.49420683158
9443 9400.58087130355
9444 9401.42751666566
9445 9402.55290928186
9446 9403.38293075385
9447 9403.92083526355
9448 9405.06287827739
9449 9405.51798510835
9450 9406.31782040449
9451 9407.24762753648
9452 9407.74543653588
9453 9409.47133666333
9454 9410.6039370828
9455 9410.80866673109
9456 9411.45704811192
9457 9412.7873605685
9458 9413.35520475326
9459 9414.36664996295
9460 9415.10679247916
9461 9415.82315130121
9462 9416.8041911331
9463 9417.53292497671
9464 9418.34918460292
9465 9419.74426940141
9466 9420.58258361691
9467 9421.52689204842
9468 9422.0400117689
9469 9422.81074370045
9470 9423.59100866304
9471 9424.17456178802
9472 9425.41196354665
9473 9426.50690368798
9474 9426.87453397034
9475 9428.235207719
9476 9429.3791441198
9477 9429.57402526955
9478 9430.53551411711
9479 9431.48555195074
9480 9432.71382610467
9481 9433.12501823133
9482 9433.82671594017
9483 9434.66666573432
9484 9435.19631427932
9485 9437.17884931927
9486 9437.41949680818
9487 9438.83519154762
9488 9439.28835189825
9489 9439.97862884973
9490 9440.80406991168
9491 9441.85709623896
9492 9442.27463449708
9493 9443.44924971215
9494 9444.31135387049
9495 9445.24761081652
9496 9446.16280421465
9497 9446.79612203682
9498 9447.90752495504
9499 9449.20158060095
9500 9449.6097253891
9501 9450.15231357552
9502 9451.04402546918
9503 9452.14897699691
9504 9452.58121409302
9505 9453.38446673268
9506 9454.94183669538
9507 9455.87979458177
9508 9456.63884899311
9509 9457.28993894884
9510 9457.97239729463
9511 9458.82668438594
9512 9459.76941065176
9513 9460.90377250119
9514 9461.40492205624
9515 9462.13798987968
9516 9462.9365161679
9517 9464.21790434637
9518 9465.26189553453
9519 9465.99117718908
9520 9466.7225870652
9521 9467.86063279231
9522 9468.49480437823
9523 9469.13203933702
9524 9469.45600650506
9525 9470.88277100147
9526 9471.81926968812
9527 9472.90794270179
9528 9473.72307955498
9529 9474.39224566375
9530 9475.5655211403
9531 9475.91963550088
9532 9477.1378857188
9533 9477.82732046783
9534 9478.85569995458
9535 9479.22947869143
9536 9480.23527134466
9537 9481.14388225896
9538 9481.83978862112
9539 9483.68881564647
9540 9484.20729837705
9541 9484.64038895824
9542 9485.75385665642
9543 9486.03086885961
9544 9487.21581024631
9545 9488.10721489348
9546 9488.90378485224
9547 9489.54625856525
9548 9491.03678927803
9549 9491.62233713498
9550 9492.55985158939
9551 9493.1348479534
9552 9494.47885224483
9553 9495.15647792367
9554 9495.86007204499
9555 9496.82390885426
9556 9497.2554427832
9557 9497.95100726443
9558 9499.13722292903
9559 9500.59532134459
9560 9501.21726771388
9561 9501.92252002565
9562 9503.04249830292
9563 9503.60111776334
9564 9504.26401763214
9565 9505.08608034683
9566 9506.11385405706
9567 9507.2237905808
9568 9507.96150177631
9569 9508.12963744923
9570 9509.7699138429
9571 9510.61555192473
9572 9511.55097766587
9573 9512.3802085541
9574 9513.33522921282
9575 9513.53389333842
9576 9514.81432280669
9577 9515.3333355793
9578 9516.04785176982
9579 9517.24800183885
9580 9518.4014622802
9581 9519.48065735368
9582 9520.01454368485
9583 9520.83064394169
9584 9521.16243713231
9585 9522.91608265363
9586 9523.29328727388
9587 9524.17214519743
9588 9524.67399974604
9589 9525.83750822316
9590 9526.52798121293
9591 9527.68093749048
9592 9528.63239736056
9593 9529.77168192785
9594 9530.40594217932
9595 9531.14792359207
9596 9531.62557162249
9597 9532.67484933654
9598 9533.23798585525
9599 9534.47166070585
9600 9535.3772695247
9601 9536.20987687113
9602 9537.25363170638
9603 9537.83491553464
9604 9539.18279644974
9605 9539.51474427263
9606 9540.39619726209
9607 9541.66710204619
9608 9542.02834045308
9609 9543.16150440656
9610 9543.3273421141
9611 9544.3333863396
9612 9546.14806213892
9613 9546.85095823086
9614 9547.45149451601
9615 9548.20269974971
9616 9549.10940807224
9617 9550.02382518696
9618 9550.29743581861
9619 9551.80231011295
9620 9552.36973728771
9621 9553.05552983244
9622 9554.43873102491
9623 9555.13235112593
9624 9555.76551718634
9625 9557.03345024266
9626 9557.86407354558
9627 9558.77859758611
9628 9559.49787739187
9629 9559.65100278687
9630 9560.80427585835
9631 9561.82685517403
9632 9562.5951602656
9633 9563.76748476831
9634 9564.94158659836
9635 9565.71927021083
9636 9565.99847375409
9637 9567.08476280711
9638 9567.68066864288
9639 9568.92013674961
9640 9569.75758380424
9641 9570.28292870038
9642 9571.22583596082
9643 9571.87299312137
9644 9573.17082877894
9645 9574.26021210327
9646 9575.15959676607
9647 9575.62769311307
9648 9576.50412042649
9649 9577.46272072804
9650 9578.08226899022
9651 9578.75293734998
9652 9579.44957744609
9653 9581.12528405539
9654 9581.81393139348
9655 9582.53101294887
9656 9583.48843706688
9657 9584.16333528717
9658 9585.14306386284
9659 9586.25523392049
9660 9586.57222239023
9661 9587.58153466128
9662 9588.5624223678
9663 9588.8979461759
9664 9589.94653984201
9665 9591.31381940871
9666 9592.13027213501
9667 9593.20518049366
9668 9593.91016540605
9669 9594.43142978441
9670 9594.98828587269
9671 9595.99369524684
9672 9597.34024622981
9673 9597.61834209473
9674 9598.76616977242
9675 9599.44937509721
9676 9601.02359444261
9677 9601.37405167279
9678 9601.97295276504
9679 9603.38732042723
9680 9604.11345599888
9681 9604.83133150178
9682 9605.5090805569
9683 9606.20858967168
9684 9606.94884211969
9685 9608.03644460587
9686 9609.58031048818
9687 9610.2107663945
9688 9610.80282332159
9689 9611.66588777786
9690 9612.60634975494
9691 9613.16796341746
9692 9614.2523233645
9693 9614.79092744739
9694 9616.08012510023
9695 9616.57630435622
9696 9617.71156345502
9697 9618.14780371869
9698 9619.66265755698
9699 9620.71157004619
9700 9621.16575936863
9701 9621.75740760329
9702 9622.96040119461
9703 9623.37843443107
9704 9624.13494453544
9705 9625.22207559496
9706 9626.01552680915
9707 9627.41092259033
9708 9628.22471192447
9709 9628.81417604542
9710 9629.72436646565
9711 9630.3019668976
9712 9631.28020929021
9713 9632.56226547803
9714 9633.11114544142
9715 9633.58991958104
9716 9634.27515015808
9717 9635.65173953014
9718 9636.58619071912
9719 9637.63682986849
9720 9638.3339702064
9721 9639.40037227258
9722 9639.94163265245
9723 9640.66762444502
9724 9641.27192764064
9725 9642.17258367237
9726 9643.65151053688
9727 9643.85030072724
9728 9645.26800410086
9729 9646.03360138799
9730 9646.68212024231
9731 9647.77687428721
9732 9648.59312749461
9733 9649.69762760066
9734 9649.85379095886
9735 9650.99912388801
9736 9651.87145618681
9737 9652.53846402766
9738 9653.01487456662
9739 9654.96334535877
9740 9655.67024255696
9741 9656.509156429
9742 9657.00607367616
9743 9657.62581686372
9744 9658.78067823039
9745 9659.63711633727
9746 9660.20299937711
9747 9661.37153356207
9748 9661.95783604131
9749 9663.08576815197
9750 9663.88107654849
9751 9665.0394544488
9752 9665.48566164663
9753 9666.80721248964
9754 9667.5642273003
9755 9668.13542897097
9756 9668.70012812391
9757 9669.74561620729
9758 9670.1621138457
9759 9671.94951272672
9760 9672.49434034232
9761 9673.39619089594
9762 9674.54729939477
9763 9675.12222668542
9764 9675.73427208
9765 9676.48297044266
9766 9677.76249077355
9767 9678.44144479738
9768 9679.30964602015
9769 9679.80616847968
9770 9680.76283361021
9771 9681.93318154526
9772 9683.09774291804
9773 9683.86702167308
9774 9684.58958590178
9775 9685.30800422937
9776 9685.96000051849
9777 9686.9389017055
9778 9687.63565037452
9779 9688.45250411791
9780 9689.42490029901
9781 9691.00769260495
9782 9691.34509941273
9783 9692.12960896269
9784 9692.77546508799
9785 9694.16001879274
9786 9694.8102490486
9787 9695.58726512324
9788 9696.34058432244
9789 9696.96909291294
9790 9697.96407869975
9791 9698.73591807112
9792 9699.90975112741
9793 9701.26863603758
9794 9701.75095588545
9795 9702.34367070451
9796 9703.6401368667
9797 9703.83738824714
9798 9704.48032577509
9799 9705.87621598749
9800 9706.80286551751
9801 9707.41464704485
9802 9708.1860781935
9803 9709.50243860526
9804 9710.18567956785
9805 9711.15638103605
9806 9711.88731233695
9807 9712.66895689642
9808 9713.80390957343
9809 9714.47637267976
9810 9714.68910555827
9811 9715.65442651952
9812 9716.86489394774
9813 9718.21732391981
9814 9719.00394822944
9815 9719.58460540928
9816 9720.46445407631
9817 9721.10447304697
9818 9721.99675330998
9819 9723.05845512507
9820 9723.73731326519
9821 9724.37387321651
9822 9725.5491289943
9823 9726.18790255374
9824 9727.40372847815
9825 9727.88033535185
9826 9729.49602575261
9827 9730.11958617859
9828 9730.57690430875
9829 9731.37282772949
9830 9732.00689364467
9831 9733.30385979954
9832 9733.61046409044
9833 9734.85551562114
9834 9736.09079231542
9835 9736.73036914898
9836 9737.8555829495
9837 9738.24042132017
9838 9739.02107219877
9839 9740.13557573694
9840 9741.07608774845
9841 9741.65797210635
9842 9742.62356474364
9843 9743.23209625209
9844 9743.7337623603
9845 9745.63906661738
9846 9746.44026875082
9847 9746.82572827978
9848 9748.00269706017
9849 9748.63928222325
9850 9749.482254347
9851 9750.07474213997
9852 9750.77300561248
9853 9751.98330743226
9854 9753.03470047562
9855 9753.7172130613
9856 9754.68049929017
9857 9755.49511224823
9858 9756.3801047025
9859 9757.26089946893
9860 9758.30745409739
9861 9758.81466516659
9862 9759.59224665913
9863 9760.27089138136
9864 9761.36318925092
9865 9761.88756929526
9866 9763.29409980165
9867 9764.41634996565
9868 9765.29807729248
9869 9765.79804505154
9870 9766.23875474344
9871 9767.28985868421
9872 9768.1685961647
9873 9769.34184758177
9874 9769.96346033397
9875 9770.29858589221
9876 9771.8722798018
9877 9772.65416867588
9878 9773.2843378548
9879 9774.70361745591
9880 9775.08828354014
9881 9776.25153391942
9882 9776.73038188556
9883 9777.69267937559
9884 9778.14880660665
9885 9778.88076327507
9886 9780.31332942509
9887 9781.38373240279
9888 9782.38552567177
9889 9782.61081633975
9890 9783.72253456165
9891 9784.6806775634
9892 9785.38106285327
9893 9785.90003411651
9894 9787.27692018662
9895 9787.95348611847
9896 9788.47775939046
9897 9789.40237059982
9898 9790.36438493204
9899 9791.98340003889
9900 9792.24672893238
9901 9793.54999929204
9902 9793.64761879251
9903 9794.76105181107
9904 9795.42003137564
9905 9796.20181106188
9906 9797.29302461132
9907 9798.03419139609
9908 9799.09619251418
9909 9800.34871249273
9910 9800.83181535495
9911 9801.52759848898
9912 9802.24721820191
9913 9803.78272436747
9914 9804.33938674674
9915 9804.77101077445
9916 9805.6721919206
9917 9806.37306956186
9918 9807.41526867301
9919 9808.5794268412
9920 9809.66290514758
9921 9810.29182687566
9922 9811.32310761428
9923 9812.0261907275
9924 9812.26897944558
9925 9813.48897453111
9926 9814.29250938776
9927 9815.14540987507
9928 9816.28072547237
9929 9816.93761601313
9930 9817.66581607033
9931 9818.91510140156
9932 9819.70320923413
9933 9820.6521097425
9934 9821.39931262892
9935 9821.90282973925
9936 9823.0780613932
9937 9823.70289570008
9938 9824.29534670968
9939 9825.0340702251
9940 9826.94669521084
9941 9827.54783222736
9942 9828.15575356482
9943 9828.97328730527
9944 9829.93347333592
9945 9830.30790237136
9946 9831.7604293341
9947 9832.23760206483
9948 9833.13969431981
9949 9833.89835038004
9950 9834.67076497277
9951 9836.11266050127
9952 9836.48590652035
9953 9837.75665490043
9954 9838.63107153069
9955 9839.4353595407
9956 9840.0382496889
9957 9840.72946997166
9958 9841.1655654245
9959 9842.6616646852
9960 9843.42627864309
9961 9844.2690149871
9962 9845.51448492408
9963 9846.23402222062
9964 9846.8837905607
9965 9847.70026224455
9966 9848.56359712989
9967 9849.55968638109
9968 9850.3409153872
9969 9851.16811571531
9970 9851.62395697588
9971 9852.55223672662
9972 9853.63753040718
9973 9855.04580374647
9974 9856.03138699954
9975 9856.17706090451
9976 9856.91017566716
9977 9858.16458111108
9978 9858.73241413597
9979 9859.3811595225
9980 9860.36020532546
9981 9861.36351549223
9982 9862.37901319693
9983 9863.48048296454
9984 9863.69833998314
9985 9864.78982909805
9986 9866.12199398397
9987 9866.51526810941
9988 9867.44422559854
9989 9868.27445268734
9990 9868.71465933064
9991 9869.81287832599
9992 9870.33225855662
9993 9872.00062337813
9994 9872.5586660596
9995 9873.80222090365
9996 9874.32395762906
9997 9875.21899409885
9998 9875.60095624876
9999 9876.47901706378
10000 9877.7826540055
