8001 8148.98665356343
8002 8150.74061548213
8003 8151.02667130461
8004 8152.21772825841
8005 8152.9659311276
8006 8153.48825366101
8007 8154.27297942727
8008 8155.12893399254
8009 8156.30491238585
8010 8157.19476462017
8011 8157.98156849157
8012 8158.76763874229
8013 8160.07820080992
8014 8160.9501225897
8015 8161.34614563321
8016 8162.59214058654
8017 8163.45428450095
8018 8164.10695714695
8019 8164.87025733331
8020 8165.4488184752
8021 8166.44808923746
8022 8168.29510412987
8023 8168.66848012925
8024 8169.59383620373
8025 8170.41577900168
8026 8171.09511098301
8027 8171.82355315326
8028 8173.11153398096
8029 8173.73829265777
8030 8174.36618091414
8031 8175.53162895203
8032 8176.44921345374
8033 8177.33154272026
8034 8178.10466695275
8035 8179.69038702326
8036 8180.0357521355
8037 8181.01320981627
8038 8181.28204461357
8039 8182.43011679374
8040 8183.12999025321
8041 8184.25460067337
8042 8185.03868316938
8043 8186.60522828047
8044 8187.01908612803
8045 8187.92739854516
8046 8188.6750921549
8047 8189.45800168371
8048 8190.53885964643
8049 8191.31735942174
8050 8192.33464994209
8051 8192.99540672735
8052 8193.23341099455
8053 8194.92940813801
8054 8196.06758491846
8055 8196.94832475157
8056 8197.51335394291
8057 8198.24261179251
8058 8199.58511717766
8059 8199.88477386272
8060 8200.34195221115
8061 8201.7552603602
8062 8202.8766461704
8063 8203.52920374013
8064 8204.76172933009
8065 8205.25925053226
8066 8206.22837505799
8067 8207.28117526522
8068 8208.16760752185
8069 8208.84642431435
8070 8209.53068557914
8071 8210.51034879894
8072 8211.03088888261
8073 8212.26561241852
8074 8213.2532675469
8075 8214.66874795419
8076 8215.23762495891
8077 8215.96262846976
8078 8216.50266126026
8079 8217.2680040869
8080 8218.61957332972
8081 8219.34654382754
8082 8220.05001450103
8083 8220.85288245003
8084 8222.15393348183
8085 8222.9087931577
8086 8223.80409321169
8087 8224.78304149312
8088 8225.66248468517
8089 8226.60639157756
8090 8227.0220323073
8091 8227.89806396354
8092 8228.75659182018
8093 8229.30942434282
8094 8231.31860491188
8095 8231.75203939767
8096 8232.53439748611
8097 8233.38501783594
8098 8234.46309396404
8099 8234.94046338809
8100 8235.9030776563
8101 8236.85283763177
8102 8237.66123932128
8103 8238.64382485356
8104 8239.16609954759
8105 8240.10766016519
8106 8241.81053984881
8107 8242.26298338045
8108 8243.12612516061
8109 8244.12667234301
8110 8244.5224730364
8111 8245.29190281752
8112 8246.41475023461
8113 8247.10452364482
8114 8248.1980154395
8115 8249.18221167399
8116 8250.47664045447
8117 8250.90512842984
8118 8251.5919308046
8119 8252.49596334624
8120 8253.79526175058
8121 8254.54211087325
8122 8255.23810066073
8123 8255.51907869164
8124 8256.77771495196
8125 8257.75223688529
8126 8258.99799891104
8127 8259.8685252578
8128 8260.78250276253
8129 8261.5662535079
8130 8262.00212242353
8131 8263.16889972611
8132 8263.5410482905
8133 8264.79883293012
8134 8265.84742825427
8135 8266.4591677264
8136 8267.62080230714
8137 8268.30679708035
8138 8269.29383736896
8139 8270.59737514377
8140 8271.10298898878
8141 8271.52712456327
8142 8273.02372702043
8143 8273.35908865696
8144 8274.26074891579
8145 8274.76129617418
8146 8276.53208762164
8147 8277.55053173138
8148 8278.31104489375
8149 8278.72415512167
8150 8279.65822029408
8151 8280.57668459099
8152 8281.42773383326
8153 8282.32518683464
8154 8283.36423009724
8155 8283.68271974392
8156 8284.8370591545
8157 8286.15646537832
8158 8286.6660885582
8159 8287.73651226361
8160 8288.98043605825
8161 8289.38800123043
8162 8290.17802675624
8163 8290.94129700623
8164 8291.3605924919
8165 8292.96294518537
8166 8293.58817037563
8167 8294.84686290066
8168 8295.56851731553
8169 8296.69373959481
8170 8297.21696060033
8171 8297.84703513832
8172 8299.09293089725
8173 8300.01243500963
8174 8300.53636989771
8175 8301.5054888753
8176 8302.24347865694
8177 8302.9326100946
8178 8304.59058571363
8179 8305.58763516142
8180 8306.14291643807
8181 8306.72399498839
8182 8307.76191337227
8183 8308.42265423432
8184 8309.35168427001
8185 8310.1426259482
8186 8310.89526616815
8187 8312.48788817603
8188 8313.14421138834
8189 8313.58488534547
8190 8314.93671463064
8191 8315.50893470311
8192 8316.99169701257
8193 8317.13803160044
8194 8318.21708225609
8195 8318.75935583836
8196 8319.74743644016
8197 8320.46351254559
8198 8321.89568624028
8199 8322.99596407308
8200 8323.50878817395
8201 8324.65642920812
8202 8325.30063698103
8203 8325.70879727819
8204 8326.61973816031
8205 8328.07921169203
8206 8328.71558974269
8207 8329.27134069819
8208 8330.21204892497
8209 8331.59350284968
8210 8332.26307102385
8211 8333.23766471393
8212 8334.05272665746
8213 8335.03729236008
8214 8335.62639266626
8215 8336.46188973904
8216 8337.0760409223
8217 8337.87129546713
8218 8339.25748060627
8219 8340.39371433301
8220 8341.28155484261
8221 8341.92498069357
8222 8342.35031354196
8223 8343.64910163725
8224 8344.66163866977
8225 8345.05300832345
8226 8346.0831128823
8227 8346.96346335886
8228 8347.71009676726
8229 8348.74755986404
8230 8349.53497921515
8231 8351.13442181247
8232 8351.66154750314
8233 8352.41711984834
8234 8352.95807370318
8235 8353.84560904903
8236 8354.91854943719
8237 8355.26891397476
8238 8356.90404099114
8239 8357.31747140342
8240 8358.619425855
8241 8359.65840718558
8242 8359.97076562997
8243 8361.07362539523
8244 8361.85409931458
8245 8362.91026969205
8246 8363.89658417306
8247 8364.27031308473
8248 8364.92165425253
8249 8365.84246179498
8250 8367.57020290209
8251 8368.30017108958
8252 8368.92419269078
8253 8369.98051663173
8254 8370.77425990591
8255 8371.30804354918
8256 8372.08757438633
8257 8373.14744544028
8258 8374.0764604647
8259 8374.96751212524
8260 8375.84357531722
8261 8376.96478529511
8262 8377.39188656634
8263 8378.85000055577
8264 8379.46560129493
8265 8380.55622874411
8266 8380.96615432146
8267 8381.56409025453
8268 8382.90550068348
8269 8383.40269045703
8270 8384.24326485564
8271 8386.02086634451
8272 8386.71677295325
8273 8387.24032839495
8274 8388.19982752024
8275 8388.63553822231
8276 8389.78519438712
8277 8391.04304505189
8278 8391.3457694468
8279 8392.20260909272
8280 8393.25338348522
8281 8394.04874701899
8282 8395.25815389382
8283 8396.23818323103
8284 8396.956726476
8285 8397.80153860268
8286 8398.74071565484
8287 8399.52515221058
8288 8399.73328037669
8289 8400.79002963432
8290 8402.07124947974
8291 8403.28713273092
8292 8403.81443492265
8293 8404.73928949923
8294 8405.70519548042
8295 8406.56935548675
8296 8407.08486351502
8297 8408.33151320921
8298 8408.92873638276
8299 8410.10247927285
8300 8410.36524130751
8301 8411.25438428866
8302 8412.63414184229
8303 8413.68097939916
8304 8414.78345074868
8305 8415.40349985665
8306 8415.72325401767
8307 8416.83812991814
8308 8417.55652739518
8309 8418.52723923046
8310 8419.56910901736
8311 8420.00524898222
8312 8421.5083902478
8313 8422.37852763542
8314 8423.24064828442
8315 8423.38906374901
8316 8425.25097177033
8317 8425.83972927138
8318 8426.28746735024
8319 8427.28334887103
8320 8428.01857311938
8321 8428.62483003245
8322 8429.99585568412
8323 8431.17700062929
8324 8431.95536041931
8325 8432.97595883297
8326 8433.31248029141
8327 8434.41542130202
8328 8435.05813720326
8329 8435.81138539818
8330 8437.04392377202
8331 8437.89077050588
8332 8438.58150872145
8333 8439.28045387701
8334 8440.62249563961
8335 8441.680875472
8336 8442.34254849126
8337 8443.18437582036
8338 8443.85935882097
8339 8445.01955065599
8340 8445.34374334707
8341 8446.18634982243
8342 8447.09701227857
8343 8448.6341766362
8344 8449.49601887889
8345 8450.17045078158
8346 8451.01105148595
8347 8451.67235483766
8348 8452.52678758685
8349 8453.84054432752
8350 8454.38559386951
8351 8455.12911474463
8352 8455.68220130999
8353 8457.25693389487
8354 8457.58495667528
8355 8459.07790297487
8356 8459.81731781084
8357 8460.91388907283
8358 8461.5628678471
8359 8462.06988642754
8360 8462.6465791641
8361 8463.89949984571
8362 8464.87854252987
8363 8465.53751048606
8364 8466.82633599204
8365 8467.63563018877
8366 8468.44430712262
8367 8469.2418668182
8368 8470.28546215449
8369 8470.85556788222
8370 8472.1067567049
8371 8472.58159358582
8372 8473.42214252929
8373 8474.17898671824
8374 8474.84032040432
8375 8476.90466491753
8376 8477.3886941016
8377 8477.92186102489
8378 8478.84281676781
8379 8479.72151790552
8380 8480.49809839582
8381 8481.30191757046
8382 8481.98775704632
8383 8483.48231446608
8384 8483.70936522657
8385 8485.13431548305
8386 8485.73159582206
8387 8486.69552438984
8388 8487.79449403886
8389 8488.69241861132
8390 8489.3358435967
8391 8490.03561117806
8392 8490.80070590694
8393 8491.50745476712
8394 8492.59648704663
8395 8493.82357463523
8396 8494.55201802991
8397 8496.02985006382
8398 8496.29000222563
8399 8497.05388670682
8400 8497.63735629614
8401 8498.95506548974
8402 8499.84853808495
8403 8500.58762332892
8404 8501.30275546684
8405 8501.90854484317
8406 8503.52822547384
8407 8504.08887361357
8408 8505.2635130547
8409 8506.18446709016
8410 8506.65563024832
8411 8507.5684306652
8412 8508.34183918496
8413 8509.20509275978
8414 8509.60516806893
8415 8511.16818114929
8416 8512.2372989708
8417 8513.18050424477
8418 8513.42836685618
8419 8514.6031224148
8420 8515.5103061671
8421 8516.5207109856
8422 8517.06679339895
8423 8517.83691240994
8424 8518.99422923028
8425 8519.54324191298
8426 8520.20419276844
8427 8521.69852941268
8428 8522.88346146588
8429 8523.58176609282
8430 8524.0729598926
8431 8525.19274084186
8432 8525.58014593987
8433 8526.38496707549
8434 8527.80128547601
8435 8528.3352796612
8436 8529.16572524456
8437 8530.39208847489
8438 8531.21596940523
8439 8532.31164798425
8440 8532.610707275
8441 8533.78019448951
8442 8535.04215048417
8443 8535.46744984438
8444 8536.03331008077
8445 8536.74966414582
8446 8537.77837401359
8447 8539.05711823391
8448 8540.19259571983
8449 8540.96664937109
8450 8541.53998280859
8451 8542.56539246822
8452 8543.33909641679
8453 8543.7515197179
8454 8545.30333407361
8455 8545.61812240726
8456 8546.69149145283
8457 8547.70910813935
8458 8548.38038838131
8459 8549.30549577069
8460 8550.74226512792
8461 8551.45118385178
8462 8552.03684725193
8463 8552.70468881677
8464 8553.65769523164
8465 8554.54003525928
8466 8555.12954860258
8467 8556.06220907688
8468 8557.5270267994
8469 8558.61265624004
8470 8558.92346087614
8471 8559.96012431147
8472 8560.42616701168
8473 8561.80054102659
8474 8562.35482938468
8475 8563.58251128426
8476 8563.91039263417
8477 8564.75738272213
8478 8565.61874367563
8479 8567.2046071499
8480 8567.74453973355
8481 8568.74674832049
8482 8569.69523096116
8483 8570.47314425497
8484 8570.94621541739
8485 8571.81889620067
8486 8572.42646475828
8487 8573.88293474158
8488 8574.91300331953
8489 8575.17596870724
8490 8576.70893463109
8491 8577.3987019959
8492 8577.97124676393
8493 8579.23690097594
8494 8579.91796413203
8495 8580.70200392061
8496 8581.55635473495
8497 8582.29673673566
8498 8582.98242641862
8499 8583.91302138096
8500 8585.65146315022
8501 8586.17483398053
8502 8587.19732092682
8503 8587.71128819494
8504 8588.09485260143
8505 8589.64247671027
8506 8590.12718841655
8507 8591.09556730246
8508 8591.80379234319
8509 8592.9209017735
8510 8594.05574865885
8511 8594.5020624613
8512 8595.55090946998
8513 8596.78724121508
8514 8597.38449885086
8515 8598.23007242794
8516 8599.00681311107
8517 8599.4317807587
8518 8600.49551830192
8519 8601.33616304364
8520 8602.80093063269
8521 8603.6671580555
8522 8604.20487574589
8523 8605.37203784581
8524 8606.06501194455
8525 8606.59684704791
8526 8607.46958415904
8527 8608.87405441191
8528 8609.47657648358
8529 8609.96994652266
8530 8610.9005491745
8531 8612.00724103154
8532 8613.3490925704
8533 8614.15353062109
8534 8614.57029761756
8535 8615.77899089576
8536 8616.33414512739
8537 8617.17042314672
8538 8617.68238800768
8539 8619.00461024015
8540 8619.61007525638
8541 8621.15433097411
8542 8621.95265015747
8543 8622.39031462014
8544 8623.28460366974
8545 8624.22009651632
8546 8625.48106998262
8547 8626.01658294401
8548 8626.570046899
8549 8627.46944040971
8550 8628.4317483727
8551 8629.27684394753
8552 8630.33079969621
8553 8631.66946539284
8554 8632.39879341063
8555 8633.07191419137
8556 8633.59139334244
8557 8634.59275599727
8558 8635.20692173137
8559 8636.43986570761
8560 8637.18756397798
8561 8638.15080559188
8562 8638.9290262051
8563 8640.05673978207
8564 8640.93085883345
8565 8641.65696076191
8566 8642.64342271974
8567 8643.45448733506
8568 8644.16649425255
8569 8645.31489092089
8570 8645.62953913819
8571 8646.02167192931
8572 8648.18081766284
8573 8648.77461921737
8574 8649.78088084265
8575 8650.23946108861
8576 8651.37557778071
8577 8651.86848374634
8578 8652.86153441975
8579 8653.77857696508
8580 8654.5010994406
8581 8655.64739997716
8582 8656.07271034173
8583 8657.33880075428
8584 8658.22210750362
8585 8659.06546381527
8586 8660.46474977157
8587 8660.8949853178
8588 8661.46917873334
8589 8662.18606527671
8590 8663.16087484405
8591 8664.06820498647
8592 8664.93327776694
8593 8666.00829674253
8594 8667.23203470908
8595 8668.10626627399
8596 8668.37553288717
8597 8669.31750422582
8598 8670.23344619597
8599 8671.63912770158
8600 8671.82009155509
8601 8672.77680695155
8602 8673.52400609967
8603 8674.34920186406
8604 8675.59612009939
8605 8676.92428105059
8606 8677.51936782777
8607 8677.98774653028
8608 8679.29127816759
8609 8679.74865745212
8610 8680.58405140737
8611 8681.16185277913
8612 8682.3858659164
8613 8683.50122395803
8614 8684.34513814124
8615 8685.16257675476
8616 8685.79125988764
8617 8687.18969900175
8618 8687.77736411073
8619 8688.47905729698
8620 8689.55133512989
8621 8690.36481786979
8622 8690.66279762183
8623 8691.92622685276
8624 8692.523178294
8625 8694.2284132949
8626 8694.90228944324
8627 8695.90509329826
8628 8696.25831485263
8629 8697.33651143527
8630 8697.6104856812
8631 8699.0912197095
8632 8699.93642645779
8633 8700.59752199626
8634 8701.16115756517
8635 8702.80425487829
8636 8703.41710102172
8637 8704.07933223673
8638 8705.31881042865
8639 8706.1546507508
8640 8707.00523658181
8641 8707.59753770099
8642 8708.11387219548
8643 8709.15969373863
8644 8709.9493651525
8645 8711.45029447742
8646 8712.27539947506
8647 8712.986720708
8648 8714.03095390032
8649 8714.36650280091
8650 8715.58577995079
8651 8716.35642696799
8652 8717.00351522757
8653 8718.13985393495
8654 8719.09025067711
8655 8719.38255405277
8656 8720.44789329927
8657 8721.9749421715
8658 8722.75572139891
8659 8723.59909864228
8660 8724.1081980741
8661 8724.85967603809
8662 8725.95676158451
8663 8726.53684220952
8664 8727.25377368401
8665 8728.49880085532
8666 8729.62800698962
8667 8730.32289293299
8668 8731.47482818422
8669 8731.87980224532
8670 8732.62337753874
8671 8734.08139817294
8672 8734.67597383762
8673 8735.41458654017
8674 8736.08009141166
8675 8736.76765887264
8676 8737.88659970118
8677 8739.38950816982
8678 8739.71481451867
8679 8741.11249566939
8680 8741.68332589549
8681 8742.52551071497
8682 8742.99711809394
8683 8743.74904892948
8684 8745.05382713945
8685 8745.97716141251
8686 8746.4435324959
8687 8747.80730851178
8688 8748.38457085576
8689 8749.51642349866
8690 8750.33008664551
8691 8751.34643086381
8692 8751.9991410094
8693 8752.67276359009
8694 8753.77548978896
8695 8754.25890709174
8696 8755.00917612169
8697 8756.04383112735
8698 8757.90305212074
8699 8758.33010965932
8700 8758.80668642319
8701 8759.59198136953
8702 8760.79776069164
8703 8761.33565159628
8704 8762.3288902823
8705 8763.3964693671
8706 8763.65568619654
8707 8765.00586564344
8708 8765.7411315775
8709 8766.70927446754
8710 8767.79789285031
8711 8768.80040051337
8712 8769.37130801201
8713 8770.32106874348
8714 8771.02969095595
8715 8771.39636734453
8716 8772.41378899858
8717 8773.89256378148
8718 8774.33692166597
8719 8775.64366540893
8720 8776.41282698088
8721 8777.32547764099
8722 8778.01675419551
8723 8778.54750152825
8724 8779.87415238876
8725 8780.75104862925
8726 8781.3998430696
8727 8781.99940525028
8728 8782.7635328465
8729 8784.09818039259
8730 8785.34900562033
8731 8786.00141691976
8732 8786.92572364242
8733 8787.51653326848
8734 8788.2341239621
8735 8789.16670465209
8736 8790.05591296854
8737 8790.60537303088
8738 8791.86575006068
8739 8792.93811537712
8740 8793.74808760507
8741 8794.52821080231
8742 8795.10219457816
8743 8796.60534861525
8744 8797.28133933011
8745 8797.93346918417
8746 8798.45971153696
8747 8799.62756655153
8748 8800.40279079784
8749 8800.87533574094
8750 8802.63395795202
8751 8803.42824393924
8752 8804.22047221177
8753 8805.1711868742
8754 8805.59943536121
8755 8806.27254059855
8756 8807.4887488339
8757 8808.22331383788
8758 8809.41350017513
8759 8809.84947765501
8760 8810.60264738745
8761 8812.16777457955
8762 8812.72571481128
8763 8813.83216275064
8764 8814.31127766562
8765 8815.5948932986
8766 8816.33368604004
8767 8816.59790242401
8768 8817.6045283385
8769 8818.26704219553
8770 8819.82325746387
8771 8820.83198366851
8772 8821.42806232435
8773 8822.43823146055
8774 8822.98243919598
8775 8823.92632435818
8776 8824.82159660002
8777 8825.74706403505
8778 8826.47128682393
8779 8827.19634436745
8780 8828.12690013669
8781 8829.20085301542
8782 8829.75734410793
8783 8831.47627400828
8784 8832.0959034411
8785 8832.66773353436
8786 8833.35327270149
8787 8834.22733395372
8788 8834.89874852626
8789 8836.17494085791
8790 8836.62344537428
8791 8837.77644782621
8792 8839.10387863609
8793 8839.78645248894
8794 8840.18384884973
8795 8841.40193008941
8796 8842.18642929353
8797 8843.08529804489
8798 8844.20989606689
8799 8844.42128032156
8800 8845.399046171
8801 8845.9290675416
8802 8847.52997080993
8803 8848.66475857793
8804 8849.29301216345
8805 8849.94085943954
8806 8850.96866627915
8807 8851.90634348117
8808 8852.14929130835
8809 8853.02307004314
8810 8854.55825138601
8811 8854.95555121705
8812 8856.0799452918
8813 8856.73452378416
8814 8857.96306480515
8815 8858.68099970813
8816 8859.69349467275
8817 8860.6754963889
8818 8861.04669526819
8819 8861.97485987725
8820 8862.80865107386
8821 8863.49835702421
8822 8864.37800396814
8823 8865.75381937241
8824 8866.79120136825
8825 8867.75378713926
8826 8868.09227003693
8827 8868.75096701519
8828 8869.69190478889
8829 8871.07818095441
8830 8871.6899208856
8831 8872.00543288839
8832 8873.29798086878
8833 8874.05005955138
8834 8875.17281431483
8835 8876.12283858218
8836 8876.8900606284
8837 8878.28957460682
8838 8878.48087810961
8839 8879.1756097225
8840 8880.34378209694
8841 8880.6216685254
8842 8881.7260781901
8843 8883.02874125518
8844 8884.16574960495
8845 8884.44668481488
8846 8885.60230536496
8847 8886.5841814685
8848 8887.05866634097
8849 8888.14695675071
8850 8888.83119677979
8851 8889.95299622266
8852 8890.53794836893
8853 8891.30673704809
8854 8891.87437935685
8855 8893.68484040235
8856 8894.60447309355
8857 8895.038202754
8858 8896.10333681467
8859 8896.53132301132
8860 8897.67349406504
8861 8898.0515071391
8862 8899.30272446676
8863 8900.12694677048
8864 8900.85487597754
8865 8902.24376506154
8866 8903.05448716195
8867 8903.45342278451
8868 8904.49763930603
8869 8905.78005762008
8870 8906.33472262517
8871 8907.29643917987
8872 8907.6204879277
8873 8908.36586537201
8874 8909.71466978757
8875 8910.42898951374
8876 8911.75651726045
8877 8912.71734338795
8878 8913.32497296077
8879 8914.11111678021
8880 8914.74118891226
8881 8915.62380367188
8882 8916.51417838655
8883 8917.67807815937
8884 8918.3021686439
8885 8918.9173030832
8886 8920.27628708884
8887 8920.80742492218
8888 8922.34832923666
8889 8922.96298612196
8890 8923.43036916391
8891 8924.45212484051
8892 8925.46953440759
8893 8925.91386182041
8894 8926.59067142549
8895 8927.54391028088
8896 8929.29932378871
8897 8929.8086789243
8898 8930.62218435502
8899 8931.36085374251
8900 8932.15153217434
8901 8933.16155685591
8902 8934.02358973578
8903 8934.7499253042
8904 8935.68460408835
8905 8936.2537650703
8906 8937.19815676244
8907 8938.34603549234
8908 8939.30818197725
8909 8940.29024982775
8910 8941.18157219228
8911 8942.04771242956
8912 8942.47407116649
8913 8942.9017971835
8914 8944.31550154801
8915 8945.05638487278
8916 8946.1569521717
8917 8946.7895464322
8918 8948.09486613714
8919 8948.87120307062
8920 8949.65917496252
8921 8950.08543840023
8922 8951.67958535474
8923 8952.13214636621
8924 8952.91057034216
8925 8953.66314052377
8926 8954.57026610571
8927 8955.0211059834
8928 8956.90408611122
8929 8957.71976445924
8930 8958.32961299506
8931 8959.08391590363
8932 8959.87252980726
8933 8960.75746593654
8934 8961.51427756727
8935 8962.37609840987
8936 8963.12259527416
8937 8964.5017688673
8938 8965.04232264706
8939 8965.90913269028
8940 8966.83185255691
8941 8968.08314259841
8942 8968.73083080489
8943 8969.57681339618
8944 8970.15646046308
8945 8971.00814451188
8946 8971.90034156952
8947 8972.39847535872
8948 8973.82788898277
8949 8974.77954477054
8950 8976.04681331455
8951 8976.33974801788
8952 8977.2677544702
8953 8978.13915790069
8954 8978.48485606778
8955 8980.10503503965
8956 8980.789975095
8957 8981.3645984502
8958 8981.8938094329
8959 8983.2980168818
8960 8984.45847033476
8961 8984.97692766361
8962 8986.27814361726
8963 8986.76563863871
8964 8987.70876325846
8965 8988.51324386887
8966 8988.93617940107
8967 8989.73724662006
8968 8991.14364723073
8969 8991.84722246737
8970 8993.20652274789
8971 8993.84387241693
8972 8994.28529682888
8973 8995.43808851659
8974 8996.52006032406
8975 8997.02573775229
8976 8997.96757169808
8977 8998.64889944207
8978 8999.71872803178
8979 9000.24340694308
8980 9001.1294053083
8981 9002.62377699296
8982 9003.87367751528
8983 9004.05217824403
8984 9004.80511117025
8985 9005.60679707705
8986 9006.56563058918
8987 9007.2607560574
8988 9008.30470303777
8989 9009.07007528533
8990 9010.08896286338
8991 9011.0335041931
8992 9012.04228401698
8993 9012.64445343773
8994 9013.5510210668
8995 9014.56522967921
8996 9015.59668704642
8997 9015.97793305511
8998 9016.8140199726
8999 9017.34516019377
9000 9018.42447561038
