13001 12398.6919139622
13002 12400.2081676032
13003 12400.9555818677
13004 12401.5357971812
13005 12402.6086673937
13006 12403.4244505213
13007 12403.9315216007
13008 12404.8436753407
13009 12405.8275777477
13010 12406.4588646409
13011 12407.4021218063
13012 12408.0049543688
13013 12408.7288369101
13014 12409.6331334519
13015 12411.1469346291
13016 12411.6082710793
13017 12412.8678920196
13018 12413.2672573769
13019 12413.6981203963
13020 12414.5509915259
13021 12415.7784551945
13022 12416.2269111999
13023 12417.1135544269
13024 12418.0410667442
13025 12419.2509205702
13026 12419.966704104
13027 12420.8413332507
13028 12421.0267493858
13029 12422.5771780268
13030 12423.3368554332
13031 12423.9426102984
13032 12424.7110516616
13033 12425.1585661948
13034 12426.4442572796
13035 12426.6710721312
13036 12428.4063268209
13037 12429.2854046472
13038 12429.7472615564
13039 12430.7693164304
13040 12431.4983007294
13041 12432.0318963851
13042 12432.9765252197
13043 12433.4608374315
13044 12434.9838854724
13045 12435.4600308652
13046 12436.0966014588
13047 12437.162291497
13048 12437.9428493474
13049 12439.281255917
13050 12439.7840411976
13051 12440.526053202
13052 12441.3014686765
13053 12442.3830467597
13054 12442.753882352
13055 12443.3717210827
13056 12444.3528888514
13057 12445.3316339271
13058 12446.7032796562
13059 12447.3660434655
13060 12448.1979704283
13061 12448.5835983506
13062 12449.4868804495
13063 12450.4149839545
13064 12451.3185562074
13065 12452.3033037008
13066 12452.6133039211
13067 12453.3054739344
13068 12454.6137706797
13069 12455.4825215829
13070 12456.040281958
13071 12457.5083381507
13072 12458.1023154122
13073 12458.9458602413
13074 12459.3597000839
13075 12460.200782698
13076 12460.803645624
13077 12461.8633405977
13078 12462.8818044635
13079 12463.5025773052
13080 12464.9230519993
13081 12465.2233721088
13082 12466.3262071648
13083 12466.9554420476
13084 12467.8139036213
13085 12468.7564965774
13086 12469.3638512963
13087 12470.3365508773
13088 12471.2072158814
13089 12471.4457711947
13090 12472.2313771627
13091 12474.0202409768
13092 12474.844355286
13093 12475.4221570067
13094 12476.0104979348
13095 12476.9757344825
13096 12477.7142882422
13097 12478.3742642035
13098 12479.2090247366
13099 12480.0369426812
13100 12481.0350613269
13101 12482.0276752137
13102 12482.5179701955
13103 12483.8161537088
13104 12484.2483862267
13105 12485.2112924478
13106 12486.5106165964
13107 12486.9230299321
13108 12487.3948539581
13109 12488.2432309886
13110 12489.1332448859
13111 12489.7871103364
13112 12491.0371458734
13113 12491.9030667205
13114 12492.979062595
13115 12493.71269258
13116 12494.4813206434
13117 12494.8544409122
13118 12495.5447440547
13119 12497.0239773095
13120 12497.6998913351
13121 12498.0723511139
13122 12499.2665723446
13123 12499.6709253812
13124 12501.0822446161
13125 12501.7677624402
13126 12502.9515003634
13127 12503.4212234993
13128 12504.3884711061
13129 12504.9346721673
13130 12505.844261877
13131 12506.5412799288
13132 12507.0033147901
13133 12508.1218089046
13134 12509.5030833687
13135 12510.3015510133
13136 12510.9528303288
13137 12511.4033316066
13138 12512.6155339684
13139 12513.4657501799
13140 12514.0629634545
13141 12514.8783912286
13142 12515.8662781087
13143 12516.3663971113
13144 12517.287522165
13145 12517.9470860187
13146 12519.1485180131
13147 12520.3454638722
13148 12521.157705445
13149 12521.5363832088
13150 12522.4485048813
13151 12523.2715076209
13152 12523.560899855
13153 12524.7261840443
13154 12525.8627721379
13155 12526.4236041611
13156 12527.0708117928
13157 12528.6824708381
13158 12529.1516390903
13159 12529.6269324401
13160 12530.8147625219
13161 12531.4640048868
13162 12532.7311565435
13163 12533.1251362955
13164 12533.774202562
13165 12534.3028237169
13166 12535.3622023934
13167 12536.46716644
13168 12537.7631029404
13169 12538.1871473253
13170 12539.2298066893
13171 12539.7805261896
13172 12540.4270818216
13173 12541.491821623
13174 12541.9852969537
13175 12542.9940291223
13176 12543.8520142238
13177 12544.7039781662
13178 12545.5227698544
13179 12546.2949483779
13180 12547.1584781359
13181 12548.622999551
13182 12548.911941119
13183 12549.8728007873
13184 12550.2694859282
13185 12551.2516097439
13186 12552.0484920869
13187 12552.9612124882
13188 12553.1394558069
13189 12555.1395522517
13190 12555.564020625
13191 12556.6030891461
13192 12557.1800101855
13193 12557.9484680406
13194 12558.4872703921
13195 12559.8085824331
13196 12560.4738989142
13197 12561.2460335652
13198 12561.8898697474
13199 12562.5734364586
13200 12563.5728068158
13201 12564.9434291977
13202 12565.5543889995
13203 12566.2032740889
13204 12567.5015411561
13205 12567.9796672707
13206 12568.5747000248
13207 12569.1780675829
13208 12569.9890134278
13209 12571.1953093791
13210 12571.9903651213
13211 12572.9872468971
13212 12573.6538945825
13213 12574.6821640554
13214 12575.4442890243
13215 12575.9935150642
13216 12577.1750309962
13217 12577.8931405095
13218 12578.4648466938
13219 12579.4164081115
13220 12580.063923059
13221 12580.7958332942
13222 12581.6387992514
13223 12583.2195167492
13224 12584.0367637966
13225 12584.6958270748
13226 12584.9699845201
13227 12585.917785699
13228 12586.9638548352
13229 12587.4503185084
13230 12588.6685155418
13231 12589.0171015529
13232 12590.0859868428
13233 12591.3209334327
13234 12591.7859810802
13235 12592.6416682346
13236 12593.5473049471
13237 12594.8500426373
13238 12595.0329183641
13239 12596.026491651
13240 12596.7639139512
13241 12597.5315320125
13242 12597.7187358296
13243 12599.3552496223
13244 12600.1909313857
13245 12601.2335072247
13246 12601.969550602
13247 12602.596975948
13248 12603.724868868
13249 12604.0225653908
13250 12604.7267531876
13251 12605.9326039162
13252 12607.0250500177
13253 12607.3884109129
13254 12607.9083113288
13255 12609.0835728081
13256 12610.2160518409
13257 12611.0790519502
13258 12611.8845372099
13259 12612.8641667659
13260 12613.0778630554
13261 12614.2508988195
13262 12614.7965797693
13263 12615.4537041289
13264 12616.4359277705
13265 12617.3149142261
13266 12618.5744750714
13267 12619.5399645922
13268 12619.922315859
13269 12620.6432748016
13270 12621.4566356617
13271 12622.6856724278
13272 12623.5151389194
13273 12623.8359321197
13274 12624.5679555301
13275 12625.7212149138
13276 12626.2872343456
13277 12627.1851869044
13278 12628.4520325109
13279 12629.4187777692
13280 12630.0229815498
13281 12630.8993451313
13282 12631.4813559466
13283 12631.8784577333
13284 12633.1601858647
13285 12633.7035470681
13286 12634.848545323
13287 12635.6465514214
13288 12636.4093662611
13289 12637.3080775329
13290 12638.395884169
13291 12639.0149835061
13292 12639.7282800311
13293 12640.635928581
13294 12641.6953900298
13295 12642.1379202989
13296 12642.838921602
13297 12643.6258104725
13298 12644.1369267648
13299 12646.2226357959
13300 12646.5093962583
13301 12647.2298062293
13302 12648.2354963017
13303 12648.851233433
13304 12649.5900035937
13305 12650.2898170138
13306 12651.4678162149
13307 12651.8908368459
13308 12653.0759608317
13309 12653.4650217987
13310 12654.9789861668
13311 12655.2113716322
13312 12656.2889609298
13313 12657.6330940145
13314 12658.0196110375
13315 12658.9375707104
13316 12659.4955513631
13317 12659.9211469969
13318 12661.2263960733
13319 12661.780425787
13320 12662.773933586
13321 12663.7962472456
13322 12665.1014031241
13323 12665.4972160578
13324 12666.1268138345
13325 12666.8074329049
13326 12667.9508591273
13327 12668.5983444237
13328 12669.6801280999
13329 12670.2513977978
13330 12670.8647542241
13331 12671.59784618
13332 12672.8189533142
13333 12673.824041013
13334 12674.9664513765
13335 12675.3331214779
13336 12675.9908273961
13337 12677.1409046624
13338 12677.7095186163
13339 12678.3890180371
13340 12678.8004267308
13341 12680.3299353914
13342 12681.164615346
13343 12681.9735366306
13344 12682.7821921098
13345 12683.5503002722
13346 12684.3736918417
13347 12685.517185082
13348 12685.8875305662
13349 12686.9052282557
13350 12687.5999873716
13351 12688.3744509051
13352 12688.9800580151
13353 12689.81383336
13354 12691.0816109876
13355 12692.0477299509
13356 12693.1209740861
13357 12693.5549686441
13358 12694.21616625
13359 12694.9302693196
13360 12695.5639982668
13361 12696.9379050309
13362 12697.6147087717
13363 12698.0241094842
13364 12699.0896768245
13365 12700.2210343607
13366 12700.9867590464
13367 12701.7920311256
13368 12702.3902834431
13369 12703.8739031435
13370 12704.2057623787
13371 12704.9631927776
13372 12705.5369491446
13373 12706.5017802242
13374 12706.9984792966
13375 12708.2055853749
13376 12709.6568330529
13377 12710.1384417462
13378 12710.6850982167
13379 12711.8271046984
13380 12712.3809086039
13381 12713.182489035
13382 12713.9420001444
13383 12715.0033845735
13384 12715.469340823
13385 12716.7571728172
13386 12717.1822450574
13387 12717.7225949138
13388 12719.4116697506
13389 12720.1530172716
13390 12720.9323124068
13391 12721.5168551776
13392 12722.3067038428
13393 12723.0726354776
13394 12723.8231990823
13395 12724.4689453306
13396 12725.4856379422
13397 12726.3997453566
13398 12727.6560002032
13399 12728.213533749
13400 12729.0723934339
13401 12729.7738306926
13402 12730.3154106151
13403 12731.6392180084
13404 12732.5118175362
13405 12732.8905886589
13406 12733.7689649505
13407 12734.1370426612
13408 12735.5010357964
13409 12736.4344407496
13410 12737.3784377248
13411 12738.2351113567
13412 12739.2150469458
13413 12739.7339111967
13414 12740.2423074823
13415 12741.2873667377
13416 12741.6413540338
13417 12743.1099055235
13418 12743.736901708
13419 12744.4483623006
13420 12745.5492910023
13421 12746.4883319766
13422 12746.8726805621
13423 12748.2103759311
13424 12749.0992229564
13425 12749.3025535194
13426 12750.3450512688
13427 12751.3387630382
13428 12751.8123919504
13429 12752.4242952109
13430 12753.3178136656
13431 12754.9821293281
13432 12755.7743211931
13433 12756.2815110603
13434 12756.9540132947
13435 12757.6142129964
13436 12758.7275798148
13437 12759.4743009121
13438 12760.0074154589
13439 12761.2430405063
13440 12761.7372431
13441 12762.5252171409
13442 12763.8616211221
13443 12764.2325659024
13444 12765.4654840224
13445 12766.256043239
13446 12767.0970967356
13447 12767.9383357119
13448 12768.3514714531
13449 12768.9628864391
13450 12769.8727347145
13451 12770.8811522932
13452 12772.007724771
13453 12772.689617255
13454 12773.6470206488
13455 12774.6476295129
13456 12775.3260308946
13457 12775.5679748591
13458 12776.7045014156
13459 12777.8267471833
13460 12778.5000914817
13461 12779.0703598714
13462 12779.8197584178
13463 12780.6274375243
13464 12781.6489325984
13465 12783.1207554403
13466 12783.5322686865
13467 12784.3155660506
13468 12785.181747904
13469 12785.7428208015
13470 12786.4726838529
13471 12787.4425711419
13472 12788.1604803382
13473 12788.7549430561
13474 12790.3957409778
13475 12790.8569899896
13476 12791.9005499182
13477 12792.0842296506
13478 12793.5065568405
13479 12794.1722756487
13480 12795.3699449944
13481 12795.4899680942
13482 12796.3440247321
13483 12797.3063996884
13484 12798.0424116984
13485 12798.6351011092
13486 12800.1271558166
13487 12801.0905319185
13488 12801.7418394407
13489 12802.4139521166
13490 12803.3657377881
13491 12803.7644364165
13492 12804.4422205354
13493 12805.692528713
13494 12806.633999183
13495 12807.1356390567
13496 12807.8455054532
13497 12808.9392910099
13498 12810.1968647039
13499 12810.5135583749
13500 12811.5294208819
13501 12812.3947193871
13502 12813.1839115132
13503 12813.9651085073
13504 12814.707723374
13505 12814.9134217014
13506 12815.9954131145
13507 12817.4412905608
13508 12818.102325982
13509 12819.3315155313
13510 12819.7466809955
13511 12820.269784442
13512 12821.4279859126
13513 12822.0265786854
13514 12823.0715386495
13515 12823.6818563706
13516 12824.412695939
13517 12825.4932674958
13518 12825.9440024915
13519 12827.195782021
13520 12827.7400096197
13521 12829.285697941
13522 12829.9478538781
13523 12830.5357986533
13524 12830.7247729387
13525 12832.1087711429
13526 12832.5869316189
13527 12833.434098365
13528 12834.4246224119
13529 12835.2461998986
13530 12836.4686977547
13531 12837.1987507499
13532 12837.8180134716
13533 12838.5782076802
13534 12839.4095209698
13535 12840.4174905423
13536 12841.1622809534
13537 12842.0024084602
13538 12842.5438474432
13539 12843.1664843392
13540 12843.9966578709
13541 12845.782811665
13542 12846.1436818189
13543 12847.0440918317
13544 12847.7508497439
13545 12848.7543814304
13546 12849.3802000489
13547 12849.7599122788
13548 12850.7055711464
13549 12851.8576496451
13550 12852.6114318083
13551 12853.4765147334
13552 12854.270651517
13553 12855.1300724595
13554 12856.0993416151
13555 12856.841442312
13556 12857.7958949706
13557 12858.5172982989
13558 12859.2744800878
13559 12859.6762242864
13560 12860.7124304288
13561 12861.7519979163
13562 12861.9193125397
13563 12863.8015391197
13564 12864.5452087711
13565 12865.1604762669
13566 12866.0390193881
13567 12866.3163234072
13568 12867.2252390409
13569 12868.6801270112
13570 12868.9115039229
13571 12869.9671672265
13572 12870.3094974543
13573 12871.7034676506
13574 12872.3806964232
13575 12873.2235979271
13576 12874.4234617858
13577 12874.9775174004
13578 12875.9181719143
13579 12876.6493202871
13580 12877.2422899821
13581 12877.905696334
13582 12878.6221686532
13583 12879.6149338555
13584 12880.9202337228
13585 12881.8286344336
13586 12882.1273323807
13587 12883.4122808701
13588 12883.9204809127
13589 12884.82482813
13590 12885.6266893541
13591 12886.176463716
13592 12887.6069580512
13593 12887.918963184
13594 12888.5814071579
13595 12889.3113009361
13596 12890.5979326504
13597 12891.7992070745
13598 12892.4633613303
13599 12893.1851249561
13600 12893.8594958453
13601 12894.5251124202
13602 12895.3644420789
13603 12896.1501442983
13604 12896.8887699271
13605 12898.1369056435
13606 12898.4343180056
13607 12900.0024934256
13608 12900.6712274546
13609 12901.1459752002
13610 12901.8137427429
13611 12903.3557343413
13612 12904.0065618974
13613 12904.2851919122
13614 12905.397386551
13615 12905.7580767016
13616 12906.7415064672
13617 12907.7637811554
13618 12908.8012784792
13619 12909.7847843529
13620 12910.6587092933
13621 12911.303048604
13622 12911.801718114
13623 12912.7074631226
13624 12913.4108078172
13625 12914.3120674247
13626 12915.3617607438
13627 12915.9630355752
13628 12916.872108236
13629 12917.5036586487
13630 12918.7256001615
13631 12919.5828346093
13632 12920.6550240309
13633 12920.7934760513
13634 12921.9836680293
13635 12922.5631129703
13636 12923.6045278028
13637 12923.9459193001
13638 12924.5509030049
13639 12926.0547796828
13640 12927.3637039084
13641 12927.752641719
13642 12928.3375424548
13643 12929.3494461237
13644 12930.1572585553
13645 12930.6202466097
13646 12932.0213053426
13647 12932.5539674391
13648 12933.0310827065
13649 12934.0627751674
13650 12934.9009235893
13651 12935.7894624796
13652 12936.863911758
13653 12937.6453838865
13654 12938.7019031306
13655 12939.3256659055
13656 12940.0214174368
13657 12940.4031623183
13658 12941.1889989351
13659 12942.5405548439
13660 12943.1554481408
13661 12943.8882444816
13662 12945.2156060772
13663 12945.8880983893
13664 12946.5984562614
13665 12947.4835208493
13666 12948.0122620593
13667 12949.1734837962
13668 12950.1709785072
13669 12950.3708811142
13670 12951.3388223898
13671 12952.2073509406
13672 12952.5436971299
13673 12954.2084231498
13674 12955.350246431
13675 12955.7756695159
13676 12956.4270131554
13677 12957.1428636017
13678 12958.2761395281
13679 12958.6830620513
13680 12959.509293017
13681 12960.3163048302
13682 12961.4449314742
13683 12962.2499822654
13684 12963.0040457726
13685 12963.9228031019
13686 12964.5425955515
13687 12965.9168549022
13688 12966.4315810108
13689 12967.1613349345
13690 12967.922966365
13691 12968.5945622037
13692 12969.5342245495
13693 12969.8589830266
13694 12971.2953827122
13695 12972.2697867823
13696 12973.0591843457
13697 12974.2884833803
13698 12974.5379555004
13699 12975.134812455
13700 12975.9666844715
13701 12977.0030685383
13702 12977.9686725339
13703 12978.7336785364
13704 12979.2373346699
13705 12979.826990002
13706 12981.4803840397
13707 12981.9793017791
13708 12982.8289444673
13709 12983.9626605161
13710 12984.4975241808
13711 12985.3448819618
13712 12986.0097541618
13713 12986.5403703873
13714 12987.5099583109
13715 12988.1556710737
13716 12989.6179106414
13717 12990.3994128542
13718 12991.1315758603
13719 12992.0625978776
13720 12992.3398867558
13721 12993.6883876567
13722 12994.383591203
13723 12995.1038073978
13724 12995.7292370307
13725 12996.8324433396
13726 12997.3593449958
13727 12998.2512958118
13728 12998.8841975653
13729 13000.7016041853
13730 13001.1753399423
13731 13001.7259558692
13732 13002.709111433
13733 13003.1305175653
13734 13004.0295006582
13735 13004.7647221224
13736 13005.8607023128
13737 13006.406899436
13738 13007.4602625563
13739 13008.4437614359
13740 13009.1908027947
13741 13010.1451250645
13742 13010.6567440521
13743 13011.5996030681
13744 13012.5691333673
13745 13013.6062504223
13746 13013.9615681991
13747 13014.2490600983
13748 13015.3788628454
13749 13016.3647037304
13750 13017.6832020818
13751 13018.4632679053
13752 13018.9865560559
13753 13020.06569682
13754 13020.7348002205
13755 13021.33338998
13756 13021.883576228
13757 13023.1813236131
13758 13023.9492845131
13759 13024.5527399237
13760 13025.4879592521
13761 13026.4614752521
13762 13027.049302692
13763 13028.3071315231
13764 13029.1179705994
13765 13030.0293885982
13766 13030.3725672015
13767 13031.0706244931
13768 13032.3165417927
13769 13032.5683585033
13770 13033.5295066072
13771 13034.3575609625
13772 13035.8703045911
13773 13036.6972712959
13774 13037.1459337574
13775 13037.7640494579
13776 13038.5893075778
13777 13039.6435259057
13778 13040.5460368259
13779 13041.053218677
13780 13041.9343911467
13781 13042.7197303324
13782 13043.2994000194
13783 13044.4985432017
13784 13045.7117467862
13785 13046.0668858068
13786 13047.4394847989
13787 13047.8247518065
13788 13048.5487226228
13789 13049.4488401673
13790 13049.9315500319
13791 13050.5370388951
13792 13052.268712996
13793 13052.5846484432
13794 13053.5124234739
13795 13054.4747087743
13796 13055.4140695564
13797 13056.1045272455
13798 13056.6526156038
13799 13057.875358732
13800 13058.4307800706
13801 13059.3212053711
13802 13060.0348560145
13803 13060.6810832735
13804 13061.2175604735
13805 13062.8057711148
13806 13063.6857731914
13807 13064.7468054453
13808 13065.0428912991
13809 13065.924146785
13810 13066.3947221267
13811 13067.5184189886
13812 13068.2498490654
13813 13069.1579963976
13814 13069.6630915424
13815 13070.7741526338
13816 13072.0973999901
13817 13072.238755978
13818 13073.1666383124
13819 13074.2854373051
13820 13075.2410811764
13821 13076.0373196583
13822 13076.3034979664
13823 13077.2747473509
13824 13077.8345902371
13825 13078.941176533
13826 13079.5027843288
13827 13081.0251812482
13828 13081.7771254773
13829 13082.4612360429
13830 13083.1768500797
13831 13084.2644830608
13832 13084.4583460087
13833 13085.3504927069
13834 13086.6235842221
13835 13087.2688414122
13836 13088.022086297
13837 13088.5150905732
13838 13089.5645628793
13839 13090.7076616966
13840 13091.8831423108
13841 13092.33779372
13842 13092.7855810204
13843 13094.2452575257
13844 13094.6199416932
13845 13095.0672380175
13846 13096.0609842758
13847 13096.8034502935
13848 13098.0030109904
13849 13099.0224045565
13850 13099.8441867341
13851 13100.4240513993
13852 13101.2382483451
13853 13101.9111745926
13854 13103.156827627
13855 13103.6926002603
13856 13104.6099758438
13857 13105.0369421501
13858 13105.8684237135
13859 13106.970233458
13860 13107.6186784537
13861 13108.7327858296
13862 13109.91488735
13863 13110.6480702961
13864 13111.0942194374
13865 13111.920290288
13866 13112.2933838221
13867 13113.5093571183
13868 13114.3384436816
13869 13115.0373129973
13870 13116.116407828
13871 13116.6639030298
13872 13118.1582800668
13873 13118.3801516468
13874 13119.2473237758
13875 13120.4579049953
13876 13120.9306647799
13877 13121.8416339287
13878 13122.5970433061
13879 13123.4512202622
13880 13123.7706089976
13881 13124.4935124715
13882 13126.5333348793
13883 13126.8009305104
13884 13127.7818617635
13885 13128.3147617316
13886 13129.3416125881
13887 13129.8518328866
13888 13130.9145986939
13889 13131.3040602388
13890 13132.4253759145
13891 13133.3536993821
13892 13134.0455518499
13893 13134.6679719963
13894 13135.9411399999
13895 13136.5808116881
13896 13137.6500694811
13897 13138.6009785721
13898 13139.0819626505
13899 13139.7417143972
13900 13140.4616923345
13901 13141.2661744599
13902 13142.1242104713
13903 13143.0491054066
13904 13143.9824248216
13905 13145.1916802631
13906 13145.9305089806
13907 13146.4660126365
13908 13147.108698582
13909 13147.83827869
13910 13149.1358525615
13911 13149.9916287756
13912 13150.3459698137
13913 13150.9530403177
13914 13152.0837161384
13915 13152.8227285464
13916 13154.0613985377
13917 13154.894754067
13918 13155.8345549719
13919 13156.263819409
13920 13157.225951097
13921 13157.9151359541
13922 13158.5917680771
13923 13159.1043278941
13924 13160.4191265146
13925 13161.1154446523
13926 13162.4320809164
13927 13163.0231026311
13928 13163.3568244361
13929 13164.7600492778
13930 13165.6042703611
13931 13166.0324239461
13932 13167.0504533959
13933 13167.7576110902
13934 13168.556615517
13935 13169.3378472509
13936 13169.7832913429
13937 13170.8946399362
13938 13172.4876808042
13939 13172.9629447291
13940 13173.7294725601
13941 13174.4191368728
13942 13175.066067169
13943 13175.9428492945
13944 13176.524351033
13945 13177.9179229437
13946 13178.4162686473
13947 13178.8685880707
13948 13180.2223357276
13949 13181.1307024467
13950 13181.9133010331
13951 13182.4397631345
13952 13183.5990206611
13953 13184.711510139
13954 13184.9737935312
13955 13185.750932295
13956 13186.365442763
13957 13187.1222128899
13958 13188.2022664641
13959 13189.4025667948
13960 13190.0867880959
13961 13191.1569812642
13962 13191.6717940835
13963 13192.7158553393
13964 13192.816218066
13965 13194.2841073504
13966 13194.7340866
13967 13195.6217162252
13968 13196.8056686971
13969 13197.0136825163
13970 13197.9648807267
13971 13198.9338548238
13972 13200.2222473517
13973 13201.0111944595
13974 13201.6490351655
13975 13202.2945548427
13976 13202.8729902593
13977 13204.0115702735
13978 13204.8038113953
13979 13204.9440765975
13980 13206.253497195
13981 13207.7256548254
13982 13208.0056948495
13983 13209.087122001
13984 13209.8412511546
13985 13210.1833593108
13986 13211.5549018995
13987 13212.2614945255
13988 13213.0235423873
13989 13213.6707750028
13990 13214.4954137747
13991 13214.9340210567
13992 13216.2568651617
13993 13217.2569452237
13994 13218.2377681635
13995 13218.7615919899
13996 13220.0279348413
13997 13220.3358783451
13998 13221.1093419723
13999 13221.4425858679
14000 13222.8207354028
