16001 14853.3114005856
16002 14853.9746481855
16003 14855.0143101817
16004 14855.616159542
16005 14856.1063017049
16006 14857.4207949852
16007 14858.0600921178
16008 14859.3982930777
16009 14860.0971219388
16010 14860.7374633087
16011 14861.4530127266
16012 14861.6763486668
16013 14863.0667254551
16014 14863.654903866
16015 14864.3335489283
16016 14865.3568441557
16017 14866.3233628658
16018 14867.4552694799
16019 14868.0603998663
16020 14868.395368939
16021 14869.3647149529
16022 14870.7186203872
16023 14871.0108002226
16024 14871.9901023621
16025 14872.4998933503
16026 14873.2960029488
16027 14873.9651007142
16028 14874.9507395582
16029 14876.5448418264
16030 14876.7761116542
16031 14877.788452415
16032 14878.3652391591
16033 14879.4151080185
16034 14879.9717662043
16035 14880.2852069997
16036 14881.4719619592
16037 14882.4278581619
16038 14883.3634385855
16039 14883.8383563637
16040 14884.8074574492
16041 14885.6408803961
16042 14886.7700382116
16043 14887.4521007759
16044 14888.0077308135
16045 14889.0440428013
16046 14889.70888875
16047 14890.3913737368
16048 14890.944783164
16049 14891.8751431238
16050 14892.6575494919
16051 14894.0377541092
16052 14895.1530794205
16053 14895.3130780157
16054 14896.1704024451
16055 14896.9691943919
16056 14897.4982628273
16057 14898.6199251749
16058 14899.7551269837
16059 14900.0398060237
16060 14900.4452500261
16061 14901.9193279117
16062 14902.5733784439
16063 14903.5003690995
16064 14904.2313881591
16065 14905.4784577449
16066 14906.1198396388
16067 14906.6796346497
16068 14907.3862550059
16069 14908.1054798298
16070 14908.6664887236
16071 14909.8347070764
16072 14910.5985322446
16073 14911.7090527738
16074 14912.540485412
16075 14913.241408463
16076 14913.9266573578
16077 14914.9944729597
16078 14915.348487476
16079 14916.4848919221
16080 14917.0604686185
16081 14918.1177096724
16082 14918.7355998316
16083 14919.295114547
16084 14919.8463041412
16085 14921.7664034969
16086 14922.1796198035
16087 14923.1806688232
16088 14923.7191910257
16089 14924.2929164644
16090 14925.3240320652
16091 14926.0870001713
16092 14926.431018815
16093 14927.5625031936
16094 14928.5113744585
16095 14929.28693927
16096 14930.2413428255
16097 14931.0450286657
16098 14931.9154615231
16099 14932.2011773924
16100 14933.9075194674
16101 14934.1657571213
16102 14935.0089287464
16103 14935.4687814978
16104 14936.3802107766
16105 14937.0618546489
16106 14938.059513285
16107 14939.2203371537
16108 14939.8814427485
16109 14941.1318793696
16110 14941.5929643351
16111 14942.3118912072
16112 14942.5882671785
16113 14943.7764465905
16114 14944.6534300695
16115 14945.6071749163
16116 14946.0626982034
16117 14946.9134392966
16118 14947.8036441249
16119 14948.8214152701
16120 14949.589353344
16121 14950.6991517084
16122 14951.1833095284
16123 14951.9361914922
16124 14952.8625398375
16125 14953.3902218794
16126 14954.2711454877
16127 14954.6947308962
16128 14955.6274081448
16129 14957.2709027518
16130 14957.9004938852
16131 14958.4591474803
16132 14959.0538881772
16133 14960.1699269181
16134 14960.7772333698
16135 14961.7573166856
16136 14962.2381345309
16137 14963.3796456941
16138 14963.8756967336
16139 14964.5666788355
16140 14965.7280578466
16141 14966.1827976502
16142 14967.7054519411
16143 14968.4618193078
16144 14968.8949121716
16145 14970.0245133229
16146 14970.4843887836
16147 14970.933454687
16148 14971.7927855849
16149 14973.0481235675
16150 14973.685318859
16151 14974.3649453306
16152 14975.494661622
16153 14976.629920571
16154 14976.9330338376
16155 14977.7237770405
16156 14978.5550425151
16157 14979.5147097531
16158 14980.5768284859
16159 14980.9298813918
16160 14981.509247963
16161 14982.2593272557
16162 14983.2089399531
16163 14984.3290325373
16164 14985.506063389
16165 14986.1998923445
16166 14986.5963038295
16167 14987.7174971792
16168 14988.0993079914
16169 14988.997628215
16170 14989.9399861824
16171 14990.3149768162
16172 14991.6210506423
16173 14992.2816051905
16174 14993.2323102841
16175 14993.8764543157
16176 14994.6945173175
16177 14995.8103484105
16178 14996.8277011238
16179 14997.1789960672
16180 14997.8536081198
16181 14998.6224802851
16182 14999.7803940064
16183 15000.0087829297
16184 15000.7282242246
16185 15002.1997602701
16186 15003.1670509532
16187 15003.8478069848
16188 15004.7578749902
16189 15005.1600274961
16190 15005.9050240609
16191 15006.7040208654
16192 15007.9015514269
16193 15008.4583780447
16194 15009.1832934653
16195 15010.0746951475
16196 15010.3627772688
16197 15012.0512472416
16198 15012.7139851005
16199 15013.3060417177
16200 15014.3681813278
16201 15015.3282947436
16202 15015.7564428816
16203 15016.3341819473
16204 15017.254512033
16205 15017.6304279431
16206 15019.0428955286
16207 15019.8594842338
16208 15020.7058561261
16209 15021.6885244157
16210 15022.1825506373
16211 15023.1568792604
16212 15023.7574251126
16213 15024.7065030459
16214 15025.7269099979
16215 15025.9816256308
16216 15026.9365321585
16217 15027.9523545845
16218 15028.2588347065
16219 15029.2100109793
16220 15030.6149413378
16221 15031.722280173
16222 15032.1169364762
16223 15032.5683475554
16224 15033.388254673
16225 15034.3721433477
16226 15034.8928239604
16227 15035.8933073455
16228 15036.7129634425
16229 15037.2371436118
16230 15038.7853903348
16231 15039.169295733
16232 15039.9634955814
16233 15040.8121015079
16234 15041.8184191172
16235 15042.4525756027
16236 15043.4049073236
16237 15044.2076158741
16238 15044.4656819429
16239 15045.258680988
16240 15046.1078935766
16241 15047.3442200645
16242 15048.4035662328
16243 15049.0181229284
16244 15049.8227467904
16245 15050.6340981351
16246 15051.3877604162
16247 15052.1059883414
16248 15052.3063919174
16249 15054.1092728058
16250 15054.3565603046
16251 15055.360741064
16252 15055.7032469067
16253 15057.0515311572
16254 15057.7467929592
16255 15058.8959858521
16256 15059.5108838885
16257 15060.4358904037
16258 15060.8651394762
16259 15061.8475766243
16260 15062.3370686807
16261 15063.2218421795
16262 15063.9235467325
16263 15064.7925040249
16264 15066.3195315205
16265 15066.7708914778
16266 15067.815455253
16267 15068.1238868843
16268 15068.6852095906
16269 15070.1617162563
16270 15070.8352690023
16271 15071.3125392009
16272 15072.166017133
16273 15072.8592833009
16274 15073.8517524046
16275 15074.4593277831
16276 15075.6531559586
16277 15076.5727518079
16278 15077.4384066365
16279 15078.2040184754
16280 15078.7126114498
16281 15079.4164174388
16282 15080.0787923294
16283 15081.0428524748
16284 15081.6769558416
16285 15083.0685806994
16286 15083.5525485028
16287 15084.2549841409
16288 15085.5197798298
16289 15086.1763183979
16290 15086.6951431001
16291 15087.729886691
16292 15088.4412771024
16293 15089.3205364011
16294 15090.1669834523
16295 15090.6280847633
16296 15091.1145304471
16297 15092.1612296704
16298 15093.8705032265
16299 15094.305168986
16300 15094.8900858481
16301 15096.0985728165
16302 15096.2941890598
16303 15097.211481957
16304 15097.9740099279
16305 15098.8806528387
16306 15099.662712392
16307 15100.3740271753
16308 15101.2781660356
16309 15102.3393356922
16310 15103.0266136504
16311 15103.5733323929
16312 15104.8368192858
16313 15105.849358291
16314 15106.1724525681
16315 15106.9758643089
16316 15107.514791921
16317 15108.3032566573
16318 15109.3762666717
16319 15109.9597401268
16320 15111.0224377715
16321 15112.4934026118
16322 15112.687534092
16323 15113.5362300288
16324 15114.1854509495
16325 15115.0259705326
16326 15115.6674915225
16327 15116.8929102233
16328 15117.4478945951
16329 15118.2878147647
16330 15118.6803921957
16331 15119.7905857607
16332 15120.6918531856
16333 15121.9971618656
16334 15122.5373340997
16335 15123.1808194277
16336 15123.8919577709
16337 15124.9942483933
16338 15125.5646734722
16339 15125.8945849289
16340 15126.7072717621
16341 15128.1248622236
16342 15128.7951153987
16343 15130.043108875
16344 15130.3132185159
16345 15131.0972590308
16346 15132.4075223096
16347 15132.5635383786
16348 15133.8227947083
16349 15134.4350468804
16350 15135.1811520254
16351 15135.8629866748
16352 15136.6671297568
16353 15137.3308877935
16354 15138.5474390492
16355 15139.4495051784
16356 15140.499422309
16357 15141.3348811836
16358 15141.5501200752
16359 15142.3630075882
16360 15142.9743619238
16361 15144.0689986748
16362 15145.016011464
16363 15145.5826275561
16364 15146.2839616911
16365 15147.4641054101
16366 15148.415830605
16367 15148.9993415595
16368 15149.6756543688
16369 15150.6479492065
16370 15151.859172272
16371 15152.1818326907
16372 15152.6705933216
16373 15153.7863861219
16374 15154.3913804517
16375 15154.7667720355
16376 15156.5769830182
16377 15157.3292633206
16378 15158.0402246351
16379 15158.6250534811
16380 15159.5803180686
16381 15160.2161804041
16382 15160.936437849
16383 15161.8867050152
16384 15162.3696851786
16385 15163.6067280827
16386 15164.312907347
16387 15164.8548087565
16388 15165.6722893656
16389 15166.9660110233
16390 15167.8145734117
16391 15168.5044747811
16392 15169.3085200929
16393 15169.7817231495
16394 15170.8189120867
16395 15171.1570153972
16396 15172.294041833
16397 15172.7279659099
16398 15174.0871647811
16399 15174.9040295039
16400 15175.9608578168
16401 15176.4950396421
16402 15177.2650960857
16403 15177.684431567
16404 15178.812986271
16405 15179.9210294175
16406 15180.4347250614
16407 15181.2015856103
16408 15181.4368708948
16409 15182.6695233584
16410 15183.8413051141
16411 15184.3715428372
16412 15185.7706459474
16413 15186.0896066923
16414 15187.0892391923
16415 15187.8183755398
16416 15188.2431563436
16417 15188.9561850079
16418 15189.8760083238
16419 15190.9958547141
16420 15191.5566626469
16421 15192.6660583095
16422 15193.4362371382
16423 15194.1947043719
16424 15194.8056657058
16425 15196.2214961132
16426 15196.5717440563
16427 15197.1199647005
16428 15198.2756605321
16429 15199.0964446729
16430 15199.3119873197
16431 15200.4287879641
16432 15200.905538622
16433 15202.7428125573
16434 15203.427336591
16435 15203.9448077678
16436 15204.4796032074
16437 15205.4040235297
16438 15206.1902731882
16439 15206.9048068612
16440 15207.7343056612
16441 15208.6614951941
16442 15209.2919975831
16443 15210.122947492
16444 15211.1659031051
16445 15212.0707918243
16446 15212.5530937008
16447 15213.7030471358
16448 15214.5375200081
16449 15215.2348324207
16450 15216.0321789003
16451 15216.3263542069
16452 15217.0923286478
16453 15218.110439719
16454 15219.1530684907
16455 15220.2155351416
16456 15220.7140313834
16457 15221.8912903472
16458 15222.6007763967
16459 15223.0692616763
16460 15223.6285906275
16461 15224.865523902
16462 15225.6534722406
16463 15226.3823533022
16464 15226.9713945186
16465 15227.9490881819
16466 15228.3754504783
16467 15229.8255440789
16468 15230.735054271
16469 15231.4196369027
16470 15232.3180097163
16471 15232.8129247215
16472 15233.3446763735
16473 15234.6215456926
16474 15234.9439949156
16475 15235.7612581549
16476 15236.6019953903
16477 15238.0876223036
16478 15238.7452517839
16479 15239.1787913485
16480 15240.1529302496
16481 15240.7706267449
16482 15241.9330114905
16483 15242.6680332172
16484 15243.3566048573
16485 15243.8235871124
16486 15244.8241765384
16487 15245.6766248847
16488 15246.0142214694
16489 15247.6299109535
16490 15248.3705415811
16491 15249.2181718257
16492 15250.0260577135
16493 15250.5612919944
16494 15251.4268536311
16495 15251.7993805626
16496 15252.677423499
16497 15254.0821799807
16498 15254.5902753016
16499 15255.0550414993
16500 15256.2414661235
16501 15257.1898886851
16502 15257.9542103302
16503 15258.8068580065
16504 15259.314647216
16505 15260.5760622903
16506 15261.0162663611
16507 15261.8949672383
16508 15262.5344561907
16509 15262.8068115461
16510 15264.1282823468
16511 15265.1973873678
16512 15266.3204071561
16513 15266.9485449467
16514 15267.6267136319
16515 15268.0199910097
16516 15269.2787759468
16517 15269.7666833746
16518 15270.6889242262
16519 15271.5378694048
16520 15272.1206018266
16521 15272.9912067758
16522 15274.0727701553
16523 15274.6467987596
16524 15275.4006328044
16525 15276.9687566625
16526 15277.4551170528
16527 15277.9015695882
16528 15278.8001842015
16529 15279.2925812099
16530 15280.4121094308
16531 15280.769136247
16532 15281.9081103137
16533 15282.776192382
16534 15283.858710197
16535 15284.7963575943
16536 15285.1529513838
16537 15286.1884300501
16538 15286.628937296
16539 15287.6590300242
16540 15288.5449893474
16541 15289.3487932156
16542 15290.0681737815
16543 15290.5423146415
16544 15291.1446489964
16545 15292.6092690847
16546 15293.7264008877
16547 15294.3089370178
16548 15294.8062795724
16549 15296.0717866414
16550 15296.5208097673
16551 15297.1451352362
16552 15297.7927639547
16553 15298.7565708791
16554 15299.5751301068
16555 15300.9190308231
16556 15301.0952242797
16557 15302.2655454803
16558 15303.112485462
16559 15303.6796304245
16560 15304.681841207
16561 15305.6348773423
16562 15306.3962043286
16563 15306.6543459046
16564 15307.6031270236
16565 15308.5000154276
16566 15309.2033453826
16567 15309.8191021394
16568 15311.4782672421
16569 15312.0927996582
16570 15312.986574832
16571 15313.3997520612
16572 15314.2297441471
16573 15314.5546594155
16574 15316.1211919194
16575 15316.6420644832
16576 15317.1520211473
16577 15318.2496174297
16578 15318.8756331115
16579 15320.0377821748
16580 15320.6903604877
16581 15321.57376486
16582 15322.597330668
16583 15323.1308698204
16584 15324.063419461
16585 15324.8242053518
16586 15325.1816626155
16587 15326.0735048288
16588 15326.624013854
16589 15328.055754628
16590 15329.1668721695
16591 15329.5786828374
16592 15330.3773527676
16593 15331.2939053865
16594 15332.044698095
16595 15332.7399159689
16596 15333.3417977952
16597 15334.4105695099
16598 15335.3674590406
16599 15335.817759023
16600 15336.4201679972
16601 15337.4290274443
16602 15338.5066840517
16603 15339.5354294311
16604 15340.3735787443
16605 15341.0677025881
16606 15341.3580597689
16607 15342.5464662971
16608 15342.9779652064
16609 15343.7196466607
16610 15344.907754872
16611 15345.4367216986
16612 15346.361099084
16613 15347.8186535448
16614 15348.3301135481
16615 15348.5558692186
16616 15349.5536285145
16617 15350.6789810336
16618 15351.5513791023
16619 15352.1510483524
16620 15352.6922554315
16621 15353.4270006862
16622 15354.2264911145
16623 15355.1741552304
16624 15356.258230174
16625 15357.1762144957
16626 15358.0912106845
16627 15358.7625662791
16628 15359.1904554065
16629 15360.1566847568
16630 15360.8982077232
16631 15361.3027196791
16632 15362.7141004281
16633 15363.2915548798
16634 15364.1444174431
16635 15365.0288786601
16636 15365.5698023495
16637 15367.090032131
16638 15367.31956426
16639 15368.5273378313
16640 15368.8730259032
16641 15369.8607968992
16642 15370.6150834221
16643 15371.299429603
16644 15371.9557012324
16645 15372.4308851756
16646 15374.3401064006
16647 15374.8500285363
16648 15375.6708778262
16649 15376.31287351
16650 15377.1022864732
16651 15377.7122114458
16652 15378.5395259585
16653 15379.7212997493
16654 15380.2268690828
16655 15380.7861163123
16656 15381.7404628188
16657 15382.6913790254
16658 15383.4464954067
16659 15384.608302212
16660 15385.0255028281
16661 15386.3556539298
16662 15387.0413633626
16663 15387.5135980421
16664 15387.9114990387
16665 15388.8371017064
16666 15389.844591064
16667 15390.6544586591
16668 15391.4842444384
16669 15392.6547632224
16670 15393.2350229762
16671 15394.2730330362
16672 15394.7233537594
16673 15395.408031125
16674 15396.5133514807
16675 15397.2182495982
16676 15398.0666994691
16677 15398.6496575352
16678 15399.4984189207
16679 15399.9753078083
16680 15401.0236043507
16681 15402.6566425943
16682 15403.0430425376
16683 15403.8339984825
16684 15404.2538827286
16685 15405.3345567788
16686 15406.0102563492
16687 15406.74694008
16688 15407.2674273858
16689 15408.353608023
16690 15409.3832756838
16691 15410.1031625111
16692 15411.086349197
16693 15411.591059024
16694 15412.4372020806
16695 15413.5865045237
16696 15414.4353275578
16697 15414.6255418439
16698 15415.9596682758
16699 15416.2447958348
16700 15416.8961598323
16701 15417.8718979017
16702 15418.9847067036
16703 15419.7874900173
16704 15421.0192363634
16705 15421.4624413625
16706 15422.4001217408
16707 15422.9005745128
16708 15423.337371508
16709 15424.4892604787
16710 15425.4439133331
16711 15426.3268325027
16712 15426.8392123501
16713 15427.250343862
16714 15428.9690768806
16715 15429.3817211466
16716 15430.1888145219
16717 15431.4084828973
16718 15431.81593033
16719 15432.7433929235
16720 15433.3873791245
16721 15434.0891884763
16722 15434.7096364597
16723 15435.4461116828
16724 15436.5408230563
16725 15437.9088639369
16726 15438.4480529389
16727 15439.111908338
16728 15439.8110716328
16729 15440.603990627
16730 15441.6179882051
16731 15442.2711141883
16732 15443.0695999877
16733 15443.5820123765
16734 15444.8645338601
16735 15445.2572287771
16736 15445.9635036083
16737 15447.0785822347
16738 15448.4531632243
16739 15448.9213747661
16740 15449.5975855883
16741 15450.4620734172
16742 15450.9595676438
16743 15451.6110110205
16744 15452.6953113614
16745 15453.2781070462
16746 15454.3532025632
16747 15455.0881371415
16748 15456.1968639955
16749 15456.7869315037
16750 15457.8820296488
16751 15458.2786720521
16752 15458.9116539822
16753 15460.3433576229
16754 15461.079442068
16755 15461.2979067888
16756 15462.1037535052
16757 15462.8582302667
16758 15463.6727077395
16759 15465.319416519
16760 15465.654998589
16761 15466.6218101562
16762 15467.361899957
16763 15468.2351504153
16764 15468.6696522725
16765 15469.4012914106
16766 15470.208051967
16767 15471.5507869573
16768 15471.6186032203
16769 15472.9208458115
16770 15473.6623737043
16771 15474.4762666794
16772 15475.1557565808
16773 15476.4466811978
16774 15477.0438507237
16775 15477.8938806356
16776 15478.3172182713
16777 15479.03831981
16778 15480.2323826399
16779 15480.5454470014
16780 15481.2605988527
16781 15482.5351925386
16782 15483.7758303668
16783 15484.5021597924
16784 15485.0498027802
16785 15485.3718218843
16786 15486.556487675
16787 15487.3245587687
16788 15488.0650273804
16789 15489.1128031633
16790 15489.5574110369
16791 15490.3055483994
16792 15491.119481299
16793 15492.309348203
16794 15493.0888529831
16795 15493.9213420829
16796 15494.8392407725
16797 15495.4933011949
16798 15496.2350696658
16799 15496.9877173979
16800 15497.6180743829
16801 15497.8763793389
16802 15499.5591786729
16803 15500.3379036084
16804 15500.9397682287
16805 15501.9793004153
16806 15502.8854384855
16807 15503.3467770919
16808 15504.2376649082
16809 15505.0701996652
16810 15505.7958266617
16811 15506.7631900809
16812 15507.3963646411
16813 15507.95379698
16814 15508.7349880333
16815 15509.671264798
16816 15510.9646583099
16817 15511.8423304287
16818 15512.6094956662
16819 15513.1059085822
16820 15513.6665777943
16821 15514.5630767724
16822 15515.3652008006
16823 15516.3908316798
16824 15516.7539226812
16825 15517.7130342602
16826 15518.9697512367
16827 15519.5866071575
16828 15520.5094323548
16829 15520.8249383668
16830 15522.11191803
16831 15523.0475878908
16832 15523.6626121829
16833 15524.1650538663
16834 15525.0348166034
16835 15525.5553571719
16836 15526.6301268204
16837 15527.208503196
16838 15528.9208753231
16839 15529.3624293457
16840 15529.863185376
16841 15531.1863815674
16842 15531.5824347641
16843 15532.0925909321
16844 15532.9528098935
16845 15533.9919459447
16846 15534.9372621903
16847 15535.4352842877
16848 15536.3469725982
16849 15536.8163030958
16850 15538.2458293471
16851 15539.0841293345
16852 15539.8484641495
16853 15540.3537050279
16854 15541.3827174779
16855 15542.1200746007
16856 15542.7118613004
16857 15543.183870338
16858 15544.2878170298
16859 15544.927696538
16860 15546.4603041004
16861 15547.0189666028
16862 15547.8958677179
16863 15548.4239794062
16864 15549.206352745
16865 15549.9020165505
16866 15551.349287355
16867 15551.5087651048
16868 15552.3151613863
16869 15553.1288145913
16870 15553.7767144517
16871 15555.0679366881
16872 15555.4332494265
16873 15556.6842318018
16874 15557.7669412738
16875 15558.4058674018
16876 15558.9435741068
16877 15559.4589220072
16878 15560.4085040017
16879 15561.0420505689
16880 15562.010391864
16881 15563.016683692
16882 15563.550354936
16883 15564.70151711
16884 15565.5502635867
16885 15566.184586153
16886 15566.9176930939
16887 15567.948450735
16888 15568.564171048
16889 15569.324642555
16890 15570.3607452047
16891 15570.8432152147
16892 15571.5320618291
16893 15571.8585466768
16894 15573.7699902485
16895 15574.4752723881
16896 15575.2761480756
16897 15575.862446843
16898 15576.5175828852
16899 15577.4997945582
16900 15578.2089799242
16901 15578.6783081537
16902 15579.6507791601
16903 15580.9036642182
16904 15581.0957916747
16905 15582.2017241861
16906 15583.1877588039
16907 15583.7328888057
16908 15584.7983858256
16909 15585.6458267807
16910 15586.5923788631
16911 15587.1566971884
16912 15587.4471493488
16913 15588.5080387343
16914 15589.2255597812
16915 15590.0292675804
16916 15591.0752414546
16917 15591.9580440458
16918 15593.2062806478
16919 15593.7055337372
16920 15594.1438909981
16921 15595.1016228685
16922 15595.4979667327
16923 15597.077359871
16924 15597.4717699997
16925 15598.1957605132
16926 15598.7400652041
16927 15599.8878165705
16928 15600.5052010855
16929 15601.740751565
16930 15602.7476246043
16931 15603.1049953466
16932 15604.1325113565
16933 15604.7755116272
16934 15605.5623705437
16935 15606.0261672198
16936 15606.9791792734
16937 15607.5113197082
16938 15608.8757534893
16939 15609.9017134033
16940 15610.5325821738
16941 15610.9368731112
16942 15612.0603852059
16943 15613.1109096719
16944 15613.3836661283
16945 15614.4301324735
16946 15615.2814130989
16947 15615.754188351
16948 15616.7772418481
16949 15617.3227200195
16950 15617.9884806165
16951 15619.442157084
16952 15620.5143604244
16953 15620.9378678777
16954 15621.7068756042
16955 15622.6006725411
16956 15622.9315665458
16957 15623.6973160973
16958 15624.8603840749
16959 15625.6251193041
16960 15626.3438731245
16961 15626.9502286693
16962 15628.2979132605
16963 15629.0970602756
16964 15629.6264384257
16965 15630.2575269516
16966 15631.693384078
16967 15632.0799133518
16968 15633.0263643903
16969 15633.547350872
16970 15634.0177296468
16971 15634.9296554507
16972 15635.9607814147
16973 15637.1042252607
16974 15637.9407389186
16975 15638.6939554501
16976 15639.5583436723
16977 15639.8766980562
16978 15640.9095391314
16979 15641.6067447793
16980 15642.4393706996
16981 15643.1038864254
16982 15644.4127690191
16983 15644.6484363319
16984 15645.4522131967
16985 15646.5997751373
16986 15647.3124866741
16987 15648.7762945626
16988 15649.119978604
16989 15649.5426992456
16990 15650.4124065181
16991 15651.4540108538
16992 15651.9863518719
16993 15652.540173746
16994 15653.4589713073
16995 15654.7183190541
16996 15655.782966293
16997 15656.1641394301
16998 15657.2914259898
16999 15657.5603279934
17000 15658.3783568374
