11001 10727.3641263332
11002 10728.1506116778
11003 10728.6901129691
11004 10730.1702029147
11005 10730.4845277673
11006 10731.3374545152
11007 10732.2125417937
11008 10733.5408949033
11009 10734.0888023208
11010 10734.9111323841
11011 10736.0095358595
11012 10737.0457226102
11013 10737.4106976204
11014 10738.1142451294
11015 10738.8119835876
11016 10739.5818524518
11017 10740.9055833465
11018 10741.7110314972
11019 10742.765995192
11020 10743.5859078498
11021 10744.3343154995
11022 10745.1302739833
11023 10745.5965296846
11024 10746.8983624947
11025 10747.604657668
11026 10748.2644896743
11027 10749.2729534327
11028 10749.9594581142
11029 10750.5030264973
11030 10752.1937149624
11031 10752.9496961194
11032 10753.8680455362
11033 10754.3052100575
11034 10755.0207768598
11035 10756.0072339645
11036 10756.752201985
11037 10757.549386674
11038 10758.0923684193
11039 10759.7519416965
11040 10760.3697466558
11041 10761.1974760424
11042 10761.9414250862
11043 10762.7261828999
11044 10763.741757358
11045 10764.6873114066
11046 10765.3844110451
11047 10765.9054471165
11048 10766.8173534878
11049 10767.5099704997
11050 10768.4584777438
11051 10770.0677582807
11052 10770.3225225241
11053 10771.5199535864
11054 10772.3185393061
11055 10773.0018805172
11056 10773.3640913362
11057 10774.2528266193
11058 10775.5155120314
11059 10776.5125197853
11060 10776.7754462407
11061 10777.775938036
11062 10779.1261453136
11063 10779.6472498598
11064 10780.5991263632
11065 10781.6102996523
11066 10782.1337581751
11067 10783.196760384
11068 10783.955962733
11069 10784.1718774662
11070 10785.3880033245
11071 10785.987902566
11072 10787.5912618026
11073 10788.53722922
11074 10789.1330688041
11075 10789.6850257946
11076 10790.3987448025
11077 10791.7197999057
11078 10792.20710215
11079 10792.9897189964
11080 10794.0652877787
11081 10794.5054809347
11082 10795.7141432121
11083 10796.4928953764
11084 10797.19295194
11085 10798.7607677517
11086 10799.4144213704
11087 10799.773324659
11088 10800.7978940914
11089 10801.4412514614
11090 10802.1166765722
11091 10802.9918018589
11092 10804.0984838554
11093 10805.0168279984
11094 10805.914105589
11095 10806.9480257591
11096 10807.5736080556
11097 10808.3125251934
11098 10809.0480274639
11099 10810.0511009467
11100 10811.0758543661
11101 10811.75277654
11102 10812.3223518284
11103 10812.7703831311
11104 10814.1740286794
11105 10815.6940807137
11106 10815.9077365209
11107 10816.9397448058
11108 10817.807442426
11109 10818.4707035688
11110 10819.1165887954
11111 10819.8783778519
11112 10820.8365110021
11113 10821.7347316625
11114 10822.6451128767
11115 10823.8254118188
11116 10824.1839608717
11117 10825.3822667715
11118 10825.8990518352
11119 10827.316056009
11120 10827.8683951957
11121 10828.6097844625
11122 10828.906080803
11123 10830.3773233692
11124 10830.8063176712
11125 10831.5109143876
11126 10833.0139379136
11127 10834.2769004576
11128 10834.5071015289
11129 10835.4016652557
11130 10836.1565204945
11131 10836.6011081503
11132 10837.9778897882
11133 10838.7083638897
11134 10839.3530926531
11135 10840.2538963944
11136 10841.1037029552
11137 10841.9833414532
11138 10843.2779222785
11139 10843.8042515057
11140 10844.659552445
11141 10845.736392573
11142 10846.2379400664
11143 10847.1004626538
11144 10847.8506630471
11145 10848.0200717221
11146 10849.7312879511
11147 10850.7301410516
11148 10851.5812982443
11149 10852.1603166736
11150 10853.1150251356
11151 10854.0874287888
11152 10854.4713534481
11153 10855.5021413599
11154 10856.546084931
11155 10857.0748324458
11156 10858.0724609668
11157 10858.4633516832
11158 10859.7338053738
11159 10860.6455060483
11160 10861.9139596176
11161 10862.7582540746
11162 10863.0064092087
11163 10863.882158609
11164 10864.6185352209
11165 10865.5222871926
11166 10866.3089044509
11167 10867.5055280595
11168 10867.724419975
11169 10869.5478268045
11170 10870.1269257273
11171 10870.5187486927
11172 10871.3961539026
11173 10872.7356755084
11174 10873.3229372403
11175 10874.1851607656
11176 10874.7358902272
11177 10875.5952774533
11178 10876.1415372443
11179 10877.3777488559
11180 10878.5649398237
11181 10879.5568572901
11182 10880.0596816654
11183 10880.9382042847
11184 10881.6831882702
11185 10882.5250512402
11186 10882.9845407999
11187 10883.9998190259
11188 10885.2750316223
11189 10885.8297265043
11190 10886.4937629905
11191 10887.5691891246
11192 10888.5528205682
11193 10889.551163241
11194 10890.2910390661
11195 10890.8162660334
11196 10892.0956042446
11197 10892.3157818841
11198 10893.3475094262
11199 10893.9336874282
11200 10894.7809874102
11201 10896.5226082919
11202 10896.9400139303
11203 10897.9166433388
11204 10898.8745621415
11205 10898.9511571467
11206 10900.0227719129
11207 10901.2730824626
11208 10902.104118743
11209 10902.3375863196
11210 10903.3376277002
11211 10904.3085725386
11212 10905.3747166318
11213 10906.0486732572
11214 10907.2299140609
11215 10907.9806964455
11216 10909.098642476
11217 10909.4450444927
11218 10909.8382296481
11219 10910.8836218256
11220 10911.9951145406
11221 10912.5229656048
11222 10913.928614092
11223 10914.6413613076
11224 10915.4391412816
11225 10916.4837910308
11226 10916.8814619553
11227 10918.0332108691
11228 10918.6703357469
11229 10919.630142723
11230 10920.4707434961
11231 10921.0572069097
11232 10921.8814611008
11233 10922.4174719251
11234 10924.4764314971
11235 10924.7977571384
11236 10925.8272393742
11237 10926.060108988
11238 10927.2380510259
11239 10928.0847979747
11240 10928.4679515369
11241 10929.5161938834
11242 10930.447208336
11243 10931.3787026325
11244 10932.2321174159
11245 10933.3260941399
11246 10933.7579232193
11247 10934.7454432857
11248 10935.9148276576
11249 10936.539470071
11250 10937.3207042553
11251 10937.9592262104
11252 10938.6327094518
11253 10939.3726966397
11254 10940.744584943
11255 10941.4148463025
11256 10942.6183902278
11257 10943.6103970903
11258 10944.1783248258
11259 10944.5463509637
11260 10945.6191287214
11261 10946.2432650104
11262 10947.7155118115
11263 10948.0913764879
11264 10948.7758871565
11265 10949.6656484167
11266 10950.8536996054
11267 10951.6802870701
11268 10952.5622895352
11269 10953.7348883045
11270 10954.0430122393
11271 10954.8033976951
11272 10955.942904819
11273 10956.4607730881
11274 10956.8945670106
11275 10958.0816167137
11276 10959.4718126435
11277 10960.3403560153
11278 10961.0946773517
11279 10961.3247591487
11280 10962.7227755749
11281 10963.3081887293
11282 10964.3966505725
11283 10964.8634911846
11284 10965.7768144195
11285 10966.6940372869
11286 10967.390885122
11287 10968.0412080761
11288 10969.5333365587
11289 10970.4211641619
11290 10971.1417380638
11291 10972.0987504377
11292 10972.4729637337
11293 10973.3040730985
11294 10973.9254925443
11295 10975.1019929716
11296 10976.0424921464
11297 10976.5967086995
11298 10977.7978364613
11299 10978.6635231613
11300 10979.6082782458
11301 10980.2365069299
11302 10980.7295104762
11303 10982.3589430216
11304 10982.796343913
11305 10983.4230773673
11306 10984.05416201
11307 10984.9153292858
11308 10985.8219563662
11309 10987.304181381
11310 10988.1782141837
11311 10988.5781949084
11312 10989.7075979301
11313 10990.2708024187
11314 10990.9329649822
11315 10991.8682918979
11316 10992.7797729676
11317 10993.4434793655
11318 10994.5393297457
11319 10995.3456694219
11320 10996.2433168119
11321 10996.7869544021
11322 10998.2759849036
11323 10999.0320827975
11324 10999.5808655002
11325 11000.3038522964
11326 11001.0888421166
11327 11001.9643728202
11328 11002.730514722
11329 11003.283543727
11330 11004.7802305022
11331 11005.8991150682
11332 11006.4620897974
11333 11007.1629785683
11334 11007.9235591702
11335 11008.5922151593
11336 11009.809645594
11337 11010.3519687639
11338 11011.6381639104
11339 11011.9168026427
11340 11012.395335733
11341 11014.068129892
11342 11014.7585078915
11343 11015.7730424344
11344 11016.5294053521
11345 11017.4006159112
11346 11018.2290363386
11347 11018.8318101579
11348 11019.3455912311
11349 11020.1364056663
11350 11021.5114886917
11351 11022.4442030915
11352 11022.9614237921
11353 11024.3416966405
11354 11024.8098376081
11355 11025.4944724793
11356 11026.6395427019
11357 11027.432155605
11358 11028.0246009491
11359 11029.0521357254
11360 11029.6378019464
11361 11030.4416430182
11362 11031.1687295217
11363 11032.4080264318
11364 11033.8087688237
11365 11034.4005833712
11366 11034.7954450452
11367 11035.6805818192
11368 11036.2684344939
11369 11037.5263042223
11370 11038.051273092
11371 11038.9184920694
11372 11039.7592746881
11373 11040.9455690232
11374 11041.7307982099
11375 11042.4211306229
11376 11043.2997928324
11377 11044.3264985357
11378 11045.220076455
11379 11045.852534378
11380 11046.6335281467
11381 11047.1263336892
11382 11048.0593858112
11383 11048.8093443923
11384 11050.4162996072
11385 11051.0987805006
11386 11051.7162477625
11387 11052.7541878434
11388 11053.5583886708
11389 11054.2501631961
11390 11054.4749738117
11391 11056.1353722524
11392 11056.7515232446
11393 11057.4028826646
11394 11058.3551266454
11395 11058.9155232059
11396 11060.3898203308
11397 11061.2654308125
11398 11061.8376181086
11399 11062.8975344982
11400 11063.4183893561
11401 11064.3341093492
11402 11064.7907729572
11403 11065.8407784853
11404 11066.5195853865
11405 11067.6043452772
11406 11069.0569941071
11407 11069.5269770313
11408 11070.1951132803
11409 11070.8900204092
11410 11071.8179596546
11411 11072.9606982237
11412 11073.7526316418
11413 11074.1520302055
11414 11074.8682400104
11415 11076.164194431
11416 11076.5595264697
11417 11077.8469246628
11418 11078.7888835033
11419 11080.0673317731
11420 11080.2848627624
11421 11081.0851419836
11422 11081.8124520409
11423 11082.7590169086
11424 11083.1408430775
11425 11084.7296784089
11426 11085.1144843361
11427 11086.2458439572
11428 11086.9940814893
11429 11088.1404008108
11430 11088.6175265147
11431 11089.7364646345
11432 11090.3389920952
11433 11091.1898713974
11434 11092.2562110862
11435 11092.8665003651
11436 11093.2270836307
11437 11094.0012381558
11438 11095.8593261056
11439 11096.4737348601
11440 11097.3311884629
11441 11098.1409797494
11442 11098.5751380319
11443 11099.7010825821
11444 11100.2637934004
11445 11101.1638874381
11446 11102.0901269777
11447 11102.9789431491
11448 11103.5362495659
11449 11104.8794399384
11450 11105.5138829941
11451 11106.2043837014
11452 11107.5779889731
11453 11108.3639300118
11454 11108.8785948988
11455 11109.45340067
11456 11110.2606366481
11457 11111.1680569069
11458 11112.0873006051
11459 11112.8774864633
11460 11114.2579688383
11461 11114.9556679857
11462 11115.9022716853
11463 11116.384843799
11464 11116.9101294062
11465 11118.2023011435
11466 11118.9580601477
11467 11119.9246479804
11468 11120.3498470888
11469 11121.2647306134
11470 11122.0213657602
11471 11123.165840096
11472 11124.5867572579
11473 11124.9497732445
11474 11125.5511958915
11475 11126.7037760394
11476 11127.5893467425
11477 11127.6699889684
11478 11128.8755083028
11479 11129.4154426339
11480 11130.8138792913
11481 11132.0378410583
11482 11132.1976337019
11483 11133.1991508428
11484 11134.2012194123
11485 11135.0097908271
11486 11135.7156681543
11487 11136.7933020845
11488 11137.2570003875
11489 11138.2364875081
11490 11138.699221044
11491 11139.7995149719
11492 11140.5616934178
11493 11142.2143021957
11494 11142.5658446976
11495 11143.5695201372
11496 11144.3368649893
11497 11144.7153588951
11498 11145.4112438773
11499 11146.7448098976
11500 11147.5854001265
11501 11148.1172564243
11502 11148.9117580495
11503 11150.2718190958
11504 11151.1536952394
11505 11151.4752123316
11506 11152.6420471851
11507 11153.626907993
11508 11154.4608451421
11509 11154.9245364449
11510 11155.7413481492
11511 11156.4590845869
11512 11157.0906059393
11513 11158.5077878788
11514 11159.6260996438
11515 11160.3342177354
11516 11161.0935948992
11517 11161.6373088692
11518 11162.7308795182
11519 11163.3862973153
11520 11164.1915439261
11521 11164.9233622635
11522 11166.2025555599
11523 11166.6666119963
11524 11167.3334751732
11525 11168.443272429
11526 11169.5651114467
11527 11170.5996340514
11528 11171.23720188
11529 11171.7820552175
11530 11172.4988686268
11531 11173.6859566591
11532 11174.0357853485
11533 11174.7462720909
11534 11176.2006657212
11535 11176.825542994
11536 11178.2215832639
11537 11178.6122473498
11538 11179.5347608537
11539 11179.9793425889
11540 11181.0692361976
11541 11182.3122054339
11542 11182.7264774408
11543 11183.3994266379
11544 11184.1376556425
11545 11184.9226092055
11546 11186.3225628134
11547 11187.1622677883
11548 11187.8742243615
11549 11189.2677153101
11550 11189.3624563177
11551 11190.313123623
11552 11190.9712394987
11553 11191.5620242165
11554 11192.9632059847
11555 11193.5090575249
11556 11194.5235123381
11557 11195.5280205262
11558 11196.1799690655
11559 11197.0457242266
11560 11198.1880436236
11561 11198.692306647
11562 11199.7332053106
11563 11200.3085666301
11564 11201.0590553889
11565 11202.1055068565
11566 11202.5286226527
11567 11203.2642032742
11568 11205.2588447447
11569 11205.728239844
11570 11206.4689863725
11571 11206.8628094463
11572 11208.1005653214
11573 11208.5579321807
11574 11209.5815635788
11575 11210.5066216088
11576 11211.1208503801
11577 11211.9419316838
11578 11213.159789838
11579 11213.6542537131
11580 11214.8480192161
11581 11215.6034844704
11582 11216.6045763424
11583 11217.280756576
11584 11218.287694997
11585 11218.6760527647
11586 11219.0602289902
11587 11220.3754768757
11588 11221.3026339366
11589 11222.492212032
11590 11223.0498847813
11591 11224.1946434084
11592 11224.984617774
11593 11225.4309819391
11594 11226.2245477728
11595 11227.2149369736
11596 11228.321863836
11597 11228.8457564402
11598 11229.621986067
11599 11230.1448568746
11600 11231.4325986978
11601 11232.4299015283
11602 11233.5959577892
11603 11234.1176272599
11604 11234.9546076872
11605 11235.4154685462
11606 11236.4653950741
11607 11237.177696752
11608 11237.9102040663
11609 11238.6712729679
11610 11240.045184435
11611 11240.8603065634
11612 11241.7436196378
11613 11242.3182495316
11614 11242.9072267317
11615 11244.6040608305
11616 11244.9803779085
11617 11245.3585735127
11618 11246.6295610617
11619 11247.1159425961
11620 11247.9735838093
11621 11248.7536201579
11622 11250.1927332178
11623 11251.0034872927
11624 11251.8581661477
11625 11252.6316415667
11626 11253.196161939
11627 11253.8880905588
11628 11254.6953866305
11629 11255.6684242966
11630 11256.7590718505
11631 11257.4735726307
11632 11257.8815825063
11633 11259.2525392337
11634 11260.3937063483
11635 11260.6581961383
11636 11261.8020347822
11637 11262.542891634
11638 11263.5513648354
11639 11264.1214138921
11640 11264.7362891053
11641 11265.3572402069
11642 11266.4064822338
11643 11267.8159847319
11644 11268.6977667308
11645 11269.3818062693
11646 11269.997193517
11647 11271.0003104756
11648 11271.4699734393
11649 11272.5907087846
11650 11273.4766474451
11651 11274.057397446
11652 11274.7936129294
11653 11275.9556571183
11654 11276.7253287247
11655 11277.3179210827
11656 11278.8480282878
11657 11279.5839120652
11658 11280.2891805618
11659 11280.92850524
11660 11281.4695004737
11661 11282.4561931908
11662 11283.2267867894
11663 11284.2401310512
11664 11284.8604016724
11665 11286.4141148588
11666 11287.041105255
11667 11287.5050623817
11668 11288.6952985849
11669 11289.1587659012
11670 11290.0999309331
11671 11291.3055191076
11672 11291.8108303245
11673 11292.4129900732
11674 11293.2699688123
11675 11293.8706252405
11676 11295.5846610806
11677 11296.3143760779
11678 11297.080186684
11679 11297.6358579818
11680 11298.8958980028
11681 11299.2035299616
11682 11300.1232941161
11683 11300.5178776615
11684 11301.9788099056
11685 11302.8049838657
11686 11303.4189451488
11687 11304.7194761536
11688 11305.048147848
11689 11306.3193048729
11690 11306.9035740713
11691 11308.1643731696
11692 11308.5860880677
11693 11309.1990909332
11694 11310.1809192475
11695 11310.9695688676
11696 11311.4957509922
11697 11312.8223703948
11698 11313.8599432406
11699 11315.0932108105
11700 11315.4093219903
11701 11316.1126468449
11702 11316.551999844
11703 11317.8807662133
11704 11318.7543294076
11705 11319.3928910016
11706 11320.1624033727
11707 11320.9916283983
11708 11321.972679697
11709 11323.2434011301
11710 11323.4300099186
11711 11324.9056270082
11712 11325.491086445
11713 11326.453787712
11714 11326.80508813
11715 11327.8056534593
11716 11328.476164408
11717 11328.9684240994
11718 11330.6566969408
11719 11331.5284306511
11720 11332.0861197881
11721 11332.9939611538
11722 11333.9104128043
11723 11334.5437969049
11724 11335.4170937735
11725 11336.1376163293
11726 11337.1102826454
11727 11338.0668968826
11728 11338.545003723
11729 11339.1555829843
11730 11340.3984348979
11731 11341.7268643993
11732 11342.4808701213
11733 11343.0039320178
11734 11343.8787112373
11735 11344.6966562753
11736 11345.1202766711
11737 11346.1020749135
11738 11347.2657077178
11739 11347.6033607406
11740 11348.8954612229
11741 11349.9437599101
11742 11350.8323751954
11743 11351.1182460037
11744 11352.0549013688
11745 11353.2853163996
11746 11354.0311452436
11747 11354.8475952376
11748 11355.2515006925
11749 11355.8198147333
11750 11357.2687187488
11751 11357.7559245224
11752 11359.1538626037
11753 11360.31744621
11754 11360.4306533594
11755 11361.6187121541
11756 11362.1980081347
11757 11362.8335186583
11758 11363.6306166438
11759 11364.902749294
11760 11365.3921198439
11761 11366.4707115026
11762 11367.1214894449
11763 11368.092999055
11764 11368.9950955815
11765 11370.2515381524
11766 11370.710131374
11767 11371.2645314146
11768 11372.427275257
11769 11373.0903626952
11770 11373.8291170906
11771 11374.2477196064
11772 11375.350125623
11773 11377.0670144629
11774 11377.4776681138
11775 11378.2520279642
11776 11379.071237847
11777 11379.6632646918
11778 11380.6684888865
11779 11381.4901629839
11780 11382.3840428469
11781 11383.0811453091
11782 11383.778709302
11783 11384.6336558355
11784 11385.7308401526
11785 11386.7618008292
11786 11387.2826018975
11787 11388.7458125524
11788 11389.3095832714
11789 11389.6661052116
11790 11390.5409787288
11791 11391.1728453215
11792 11392.2070022994
11793 11393.2531305869
11794 11394.0455021966
11795 11394.912454003
11796 11396.1854735728
11797 11396.6366366388
11798 11397.2694320037
11799 11398.1670914151
11800 11399.3580115919
11801 11399.9241218209
11802 11400.5792451966
11803 11401.7395608964
11804 11401.9356597234
11805 11402.8418044905
11806 11404.5682894095
11807 11405.2596337863
11808 11405.9801381638
11809 11406.8447036823
11810 11407.1251673777
11811 11408.4001914779
11812 11409.1429912609
11813 11409.4960964073
11814 11410.7416040141
11815 11411.5949407737
11816 11412.8452816231
11817 11413.1490955197
11818 11414.0990525825
11819 11415.1617838244
11820 11416.0202993075
11821 11416.8725654725
11822 11417.5165318549
11823 11418.2095991408
11824 11418.9687439993
11825 11419.7281996179
11826 11420.5556284583
11827 11421.8668564264
11828 11422.7594810934
11829 11423.7427135904
11830 11424.283687367
11831 11425.1345665357
11832 11425.7591914546
11833 11426.2636003045
11834 11427.8303038823
11835 11428.6151641058
11836 11428.8375410557
11837 11429.6679974995
11838 11431.122075806
11839 11431.6945713334
11840 11432.8871642295
11841 11433.4916983809
11842 11434.3830198866
11843 11435.3239568331
11844 11435.8191321272
11845 11436.5391442925
11846 11437.1640070799
11847 11438.2549095155
11848 11439.2286653863
11849 11440.5698611057
11850 11441.210604188
11851 11441.6306882525
11852 11442.5543392484
11853 11443.6072890946
11854 11444.3045386181
11855 11445.253424202
11856 11445.6506453688
11857 11446.9196432751
11858 11447.320389544
11859 11448.3857135051
11860 11449.0246629478
11861 11450.6422006621
11862 11451.4574369914
11863 11451.8475594304
11864 11452.6296881031
11865 11453.4473686634
11866 11454.0459601193
11867 11455.1271772439
11868 11455.7274661153
11869 11456.9247492589
11870 11457.6027470602
11871 11458.6400522697
11872 11459.6684042332
11873 11460.2120140741
11874 11460.836836038
11875 11462.0891709725
11876 11462.8093281548
11877 11463.7114232551
11878 11464.1407627911
11879 11464.9147313736
11880 11465.4711643909
11881 11467.173220199
11882 11468.04118388
11883 11468.6248248457
11884 11469.5779254647
11885 11470.591934412
11886 11470.8890452595
11887 11471.5330957407
11888 11472.9015248875
11889 11473.2313448997
11890 11474.58052606
11891 11475.124039862
11892 11475.9276446133
11893 11477.1259716539
11894 11477.6647371074
11895 11478.8875817272
11896 11479.8365804849
11897 11480.301455991
11898 11480.839986923
11899 11481.845551444
11900 11482.6696968987
11901 11483.3956053316
11902 11484.0120275466
11903 11485.724280533
11904 11486.4622090591
11905 11487.2276557719
11906 11487.6809183114
11907 11488.4552673743
11908 11489.4615816329
11909 11490.4697081673
11910 11491.1516908462
11911 11491.7846984411
11912 11492.6647681266
11913 11493.4061062077
11914 11494.4991210009
11915 11495.5140731181
11916 11496.4674718808
11917 11497.1631161234
11918 11497.8799664733
11919 11499.0855682317
11920 11499.1959944633
11921 11499.8669475837
11922 11500.8445679054
11923 11502.3878974562
11924 11502.616230353
11925 11503.9956209111
11926 11504.4565892181
11927 11505.5323358831
11928 11506.3486263291
11929 11506.9875761082
11930 11507.7750688091
11931 11508.9595256441
11932 11509.6247451597
11933 11509.9275675088
11934 11511.0136388419
11935 11511.7178566493
11936 11513.156154095
11937 11514.1707356667
11938 11514.8536442751
11939 11515.5345312333
11940 11515.9103273501
11941 11517.2370917427
11942 11517.5165222551
11943 11518.8025804604
11944 11519.5624039631
11945 11519.9870602111
11946 11521.583778817
11947 11522.3077686149
11948 11522.7294314296
11949 11523.7131394177
11950 11524.9950509781
11951 11525.5958965067
11952 11526.4754857819
11953 11526.7004992637
11954 11527.78747766
11955 11528.5217733435
11956 11529.262691201
11957 11530.7424210461
11958 11531.4987698509
11959 11532.3601551141
11960 11533.1745239807
11961 11533.7107465465
11962 11534.6152464398
11963 11535.2439669045
11964 11536.2089906048
11965 11537.3900268986
11966 11537.7703339352
11967 11538.7714150164
11968 11539.1731634682
11969 11540.8551719339
11970 11541.6334827689
11971 11542.1628481095
11972 11543.231533581
11973 11543.8210619485
11974 11544.6084500953
11975 11545.4775465153
11976 11545.9225058635
11977 11546.7628777228
11978 11548.2106702724
11979 11549.1416891989
11980 11549.7408225825
11981 11550.7936266877
11982 11551.2642395527
11983 11551.9385778151
11984 11553.4222112593
11985 11553.8224678681
11986 11554.6715652132
11987 11555.168944152
11988 11556.2553546654
11989 11557.0206114623
11990 11558.0269121295
11991 11559.0508419734
11992 11560.1101577675
11993 11560.8879777045
11994 11561.4258982973
11995 11561.9934213778
11996 11562.6953096577
11997 11563.8432158833
11998 11564.6924156476
11999 11565.3981289726
12000 11566.4019123684
