10001 9878.65477238569
10002 9879.03673339657
10003 9879.8844905968
10004 9881.10236086535
10005 9882.19221596633
10006 9882.83196084504
10007 9883.64804943751
10008 9884.82098050027
10009 9885.41723578602
10010 9885.83120900369
10011 9886.92771073584
10012 9887.49561873677
10013 9888.3615578932
10014 9890.12350839748
10015 9890.4575239428
10016 9891.62862520828
10017 9892.0177846605
10018 9892.88295159624
10019 9893.96414044415
10020 9894.77314831875
10021 9895.59736009931
10022 9896.02333880016
10023 9897.28743908935
10024 9898.18295974589
10025 9898.40545579507
10026 9900.12528681756
10027 9901.06614000589
10028 9901.82596623669
10029 9902.4144835381
10030 9903.15661896877
10031 9903.79143939543
10032 9904.89276073227
10033 9905.49325438122
10034 9906.66487306242
10035 9907.43438503766
10036 9908.60215011669
10037 9909.27206061361
10038 9910.34944802586
10039 9910.68142965176
10040 9911.83198166554
10041 9912.73846752992
10042 9913.73870513934
10043 9914.21142457484
10044 9914.65356523215
10045 9915.59617363419
10046 9917.06791342351
10047 9918.13843125565
10048 9918.705972906
10049 9919.6258352471
10050 9920.3766106976
10051 9921.24351942736
10052 9921.71553035668
10053 9922.55402020569
10054 9923.87993513866
10055 9924.43306615365
10056 9925.27304164741
10057 9926.41306180858
10058 9927.15143514974
10059 9927.86438371118
10060 9929.4429997535
10061 9929.76147306655
10062 9930.42621337885
10063 9931.25605274314
10064 9932.26913184462
10065 9932.65095475823
10066 9933.82645408436
10067 9934.52716178493
10068 9936.29721531962
10069 9936.79986276382
10070 9937.37508177704
10071 9938.09029219962
10072 9938.88422445098
10073 9940.05768784633
10074 9940.79585959865
10075 9941.50048451422
10076 9942.48711347152
10077 9942.89698212498
10078 9944.19597381047
10079 9945.16542024666
10080 9946.08884861219
10081 9947.06462874542
10082 9947.59110198655
10083 9948.74204473788
10084 9949.10299974317
10085 9949.99091211117
10086 9950.39884553196
10087 9951.90736492871
10088 9952.85437274359
10089 9953.86678360315
10090 9954.1825843687
10091 9955.72403358902
10092 9956.06833669065
10093 9956.81013992261
10094 9958.00799945468
10095 9958.64969844912
10096 9959.51298718862
10097 9960.29535562804
10098 9960.85654784339
10099 9961.7708683043
10100 9963.32693199074
10101 9964.15526742464
10102 9964.83846980418
10103 9965.7260871731
10104 9966.20821767796
10105 9966.86634338453
10106 9968.06247413375
10107 9969.03337179091
10108 9969.31062778192
10109 9970.57085993506
10110 9971.79001220123
10111 9972.39633809119
10112 9973.11583036451
10113 9973.9880189037
10114 9975.1851486298
10115 9976.07644863815
10116 9976.55627016745
10117 9976.95667151127
10118 9978.33277090587
10119 9978.6251884986
10120 9979.88985983311
10121 9981.32907641931
10122 9981.83109156484
10123 9982.73287281528
10124 9983.55301313804
10125 9984.15270783042
10126 9985.06762489531
10127 9985.62546984435
10128 9986.98116349929
10129 9987.70243092779
10130 9988.31314153362
10131 9989.13328348159
10132 9990.23033288367
10133 9991.4458909776
10134 9992.25315032033
10135 9992.73514350561
10136 9993.66694828476
10137 9994.62008547267
10138 9995.19060085128
10139 9995.87723196097
10140 9996.55693396211
10141 9998.09486033498
10142 9998.85039708967
10143 10000.0653454145
10144 10000.6518473238
10145 10000.9181789556
10146 10002.2791222729
10147 10002.9803275122
10148 10004.0470538282
10149 10004.6794041661
10150 10005.3103317276
10151 10006.0527568747
10152 10007.3728759724
10153 10008.0342452428
10154 10009.0992647235
10155 10010.3962601979
10156 10010.8591451582
10157 10011.5516428825
10158 10012.09837486
10159 10013.0330666851
10160 10013.8368104905
10161 10015.0553974139
10162 10015.6109601522
10163 10016.6555086607
10164 10017.8286068547
10165 10018.3807318777
10166 10019.1211524658
10167 10020.3312516062
10168 10020.8104921833
10169 10021.8831785423
10170 10022.5919748398
10171 10023.3276906184
10172 10024.06673964
10173 10024.5380955417
10174 10026.53338954
10175 10027.3348157088
10176 10027.6934478747
10177 10028.6124920245
10178 10029.4312753348
10179 10030.4069453623
10180 10030.7479208926
10181 10032.0139974286
10182 10032.54437302
10183 10033.8987634987
10184 10034.3622650173
10185 10035.3550326246
10186 10036.3571790577
10187 10037.2010159115
10188 10038.1853952826
10189 10039.0911084439
10190 10039.5869056093
10191 10040.3236334842
10192 10040.9216629035
10193 10042.1655113922
10194 10042.7408835314
10195 10044.1060763468
10196 10045.0278035347
10197 10045.8577571603
10198 10046.6966565816
10199 10047.3170835025
10200 10047.592439602
10201 10049.3913282783
10202 10049.9263254623
10203 10050.4863408849
10204 10051.3490575943
10205 10052.1635556701
10206 10053.3271930073
10207 10054.3548502984
10208 10055.2031773005
10209 10056.1439562799
10210 10056.6172492754
10211 10057.6030149087
10212 10058.3291234194
10213 10058.811934192
10214 10059.8447759598
10215 10060.7753291797
10216 10062.3095123538
10217 10062.656191869
10218 10063.4792548287
10219 10064.3110953584
10220 10065.3254532337
10221 10066.3453781878
10222 10066.7134060513
10223 10067.6360206173
10224 10068.6989693524
10225 10069.2535512398
10226 10069.8326706788
10227 10071.0996190674
10228 10072.3557417831
10229 10073.4792142531
10230 10073.6486430706
10231 10074.589654016
10232 10075.2918725284
10233 10076.1129375751
10234 10076.835141431
10235 10078.1105336614
10236 10078.8374576019
10237 10079.2438645014
10238 10080.8601667245
10239 10081.5499878344
10240 10082.1717898279
10241 10083.0068316505
10242 10084.4145665266
10243 10084.6927852274
10244 10085.7650526994
10245 10086.2990547192
10246 10086.6884072002
10247 10087.9851492527
10248 10089.2714098182
10249 10090.0589936325
10250 10091.0299584347
10251 10091.7991435516
10252 10092.3387676109
10253 10093.2205395521
10254 10094.0851668566
10255 10094.8520381212
10256 10095.8713787963
10257 10096.5935344306
10258 10097.4354738813
10259 10098.3490340043
10260 10099.0693238654
10261 10100.692196523
10262 10101.0573032144
10263 10102.0521805781
10264 10102.5062728765
10265 10103.2796501051
10266 10104.3999156743
10267 10104.9890146221
10268 10105.5460353391
10269 10107.0480631477
10270 10108.2781906509
10271 10108.6495609332
10272 10109.4779102961
10273 10110.341554527
10274 10110.989128282
10275 10112.2042586324
10276 10112.9408793968
10277 10113.8490202956
10278 10114.0141533314
10279 10115.2774314988
10280 10116.0124986788
10281 10117.5514032037
10282 10118.1752934081
10283 10118.7905800369
10284 10120.2587624754
10285 10120.4739866507
10286 10121.0756505177
10287 10121.8118723884
10288 10122.9380998109
10289 10124.1036830345
10290 10124.6182050046
10291 10125.6855793052
10292 10126.5965467283
10293 10127.44713578
10294 10128.2812822258
10295 10129.0283099299
10296 10130.04575441
10297 10130.8498109229
10298 10131.3354578251
10299 10132.2999139953
10300 10132.9971043058
10301 10133.7420028629
10302 10135.4060366922
10303 10136.3029860371
10304 10136.9619567444
10305 10137.3477190681
10306 10138.2580816648
10307 10139.178510622
10308 10140.1717755465
10309 10140.7499960612
10310 10141.6251827934
10311 10142.5573236981
10312 10143.5538340665
10313 10144.5591620338
10314 10144.9218243893
10315 10146.3755334322
10316 10147.3609319542
10317 10147.6070439875
10318 10148.5590614782
10319 10149.4521049975
10320 10149.8341390022
10321 10150.7601945666
10322 10152.1794697177
10323 10152.9419221523
10324 10153.9657553214
10325 10154.6806562114
10326 10155.6445402635
10327 10156.0612745179
10328 10156.9980889001
10329 10157.8214231239
10330 10159.1017647922
10331 10159.5513018886
10332 10160.3456786785
10333 10160.7441665517
10334 10162.7284963348
10335 10162.9526659409
10336 10164.4970459037
10337 10164.6827370744
10338 10165.5906231486
10339 10166.6152469688
10340 10167.0129705145
10341 10167.8426650677
10342 10168.8387738779
10343 10169.7392760196
10344 10170.9928974833
10345 10171.7535415165
10346 10172.6022298971
10347 10172.9903019011
10348 10174.1292388169
10349 10175.3674879295
10350 10175.9131660566
10351 10176.3270659172
10352 10177.3029280063
10353 10178.2687234583
10354 10178.9349787308
10355 10179.947333014
10356 10181.4037795636
10357 10182.0155760319
10358 10182.935499675
10359 10183.2709415329
10360 10184.3701035693
10361 10184.6642982154
10362 10186.1111725213
10363 10186.7972021139
10364 10187.5044708418
10365 10188.7541591148
10366 10189.1802397887
10367 10190.5432019847
10368 10191.2227194727
10369 10192.1016481858
10370 10192.7325768149
10371 10194.0230700674
10372 10194.43345405
10373 10195.0982574331
10374 10195.8564768766
10375 10196.5830029537
10376 10198.4067698807
10377 10199.1055547267
10378 10199.582713509
10379 10200.5298872775
10380 10201.5150286742
10381 10201.977877983
10382 10202.8531091839
10383 10203.9142492725
10384 10204.7231610446
10385 10205.2833549155
10386 10206.3629004574
10387 10207.2250292411
10388 10208.0603814197
10389 10209.2686946822
10390 10210.1094866911
10391 10210.9988360234
10392 10211.3831289874
10393 10212.0187967853
10394 10213.0432824922
10395 10213.8856434214
10396 10214.7819730085
10397 10215.6573486768
10398 10216.931455724
10399 10217.9476540645
10400 10218.2830799101
10401 10218.8107874175
10402 10220.1264137791
10403 10220.9687716562
10404 10221.7513677915
10405 10222.5664001813
10406 10223.1090254306
10407 10223.8782893711
10408 10224.9898764942
10409 10226.3558415842
10410 10227.0557033664
10411 10227.8029231636
10412 10228.7019324581
10413 10229.1618431426
10414 10230.4592678969
10415 10230.6577465357
10416 10231.3862645564
10417 10233.0814224749
10418 10233.5371391601
10419 10234.4314784433
10420 10235.4370228629
10421 10236.0974773383
10422 10237.2415371387
10423 10238.0296794562
10424 10238.6681250893
10425 10239.5404774045
10426 10240.3278039367
10427 10241.2141776554
10428 10241.4918537542
10429 10242.8323159957
10430 10244.1730442047
10431 10244.9133896165
10432 10245.8347798678
10433 10246.4331783557
10434 10246.9333262874
10435 10247.7744141088
10436 10249.0655892933
10437 10249.6902785423
10438 10250.657790869
10439 10250.8946775786
10440 10252.5287963898
10441 10253.1874009056
10442 10254.0429116968
10443 10254.8898481434
10444 10256.0760138329
10445 10256.6991406471
10446 10257.3868347392
10447 10257.894697542
10448 10258.7479465441
10449 10259.7333317333
10450 10260.6638663232
10451 10262.1550240006
10452 10262.585251116
10453 10263.3063736731
10454 10264.3177921045
10455 10265.1589023333
10456 10265.592590014
10457 10266.9380701924
10458 10267.361477642
10459 10268.4333949711
10460 10269.3416745213
10461 10269.5943949843
10462 10270.8536446602
10463 10272.5323334105
10464 10272.8962135682
10465 10273.4616897081
10466 10274.3959134416
10467 10275.2610441628
10468 10275.8823007626
10469 10276.6034455032
10470 10277.6805303693
10471 10278.4138560847
10472 10279.7927107045
10473 10280.460627609
10474 10281.194328703
10475 10282.1653463102
10476 10282.614128909
10477 10284.0161286495
10478 10284.7760824424
10479 10285.2480816346
10480 10286.1391355847
10481 10286.5652197191
10482 10287.8387068745
10483 10289.0309666163
10484 10289.7040130725
10485 10290.9552109979
10486 10291.5506686524
10487 10292.1925336901
10488 10293.1023009582
10489 10293.3403797458
10490 10294.8008687632
10491 10295.5553288384
10492 10296.4927239849
10493 10297.0227127341
10494 10298.2655703103
10495 10299.1552984269
10496 10299.7869351045
10497 10301.1078934082
10498 10301.6596397609
10499 10302.2074790119
10500 10303.2171111866
10501 10304.1776234986
10502 10304.5292845981
10503 10305.2040671032
10504 10306.9377304376
10505 10307.9532730572
10506 10308.5061125246
10507 10309.271072145
10508 10309.7146780907
10509 10311.0496226831
10510 10311.7000486193
10511 10312.4845015049
10512 10313.2697318743
10513 10314.3285681848
10514 10314.8147800215
10515 10315.9320247077
10516 10316.9185818072
10517 10317.8403269253
10518 10318.8601301311
10519 10319.5329690802
10520 10320.2885824381
10521 10320.8718141515
10522 10321.5304847729
10523 10322.4907479732
10524 10323.6040174661
10525 10324.5940905141
10526 10325.222314236
10527 10326.5971728487
10528 10327.0603245582
10529 10327.8642152684
10530 10328.4944983785
10531 10329.5734888123
10532 10330.8182329127
10533 10331.1436708193
10534 10331.5908025854
10535 10332.7757568559
10536 10333.4667556085
10537 10335.0837663973
10538 10335.780513354
10539 10336.509928512
10540 10337.2075681837
10541 10338.145493671
10542 10338.6126349993
10543 10339.5973531718
10544 10340.4491066293
10545 10341.1804518827
10546 10342.2944415781
10547 10343.6120774233
10548 10343.8190156912
10549 10344.5794615562
10550 10345.9693014019
10551 10346.7751817694
10552 10347.3740705144
10553 10348.2723395599
10554 10348.7849563414
10555 10349.6777793368
10556 10350.7705008551
10557 10351.0485293027
10558 10352.9100873295
10559 10353.6066284626
10560 10354.2968832532
10561 10355.1793101385
10562 10355.6850440704
10563 10356.5469830442
10564 10357.3096311805
10565 10358.6847759434
10566 10359.1278735238
10567 10359.828418507
10568 10360.6879917727
10569 10362.0221484018
10570 10362.8130966144
10571 10363.5690250541
10572 10364.4677736882
10573 10365.3109421111
10574 10366.2941388639
10575 10366.5607893935
10576 10367.4057860625
10577 10368.0508262839
10578 10369.6164709991
10579 10370.3963849424
10580 10371.4021074481
10581 10372.0079518656
10582 10373.0500738343
10583 10373.3397620869
10584 10374.6342332147
10585 10375.6033032096
10586 10375.8089118915
10587 10377.1200535655
10588 10377.6869332567
10589 10378.4991634341
10590 10379.5282396854
10591 10380.5671964663
10592 10381.8563428737
10593 10382.4654285389
10594 10382.9447140371
10595 10383.4199410416
10596 10384.7558887541
10597 10385.2526745348
10598 10386.273510829
10599 10387.0046666529
10600 10388.197584943
10601 10389.1897741443
10602 10389.8390785971
10603 10390.7146531253
10604 10391.2454524407
10605 10392.6742816571
10606 10393.1823593577
10607 10393.9371827661
10608 10394.9040746876
10609 10395.3081097754
10610 10395.9948349708
10611 10397.697015173
10612 10398.5475129552
10613 10399.3882723773
10614 10399.8228381294
10615 10401.2556660487
10616 10401.4530584591
10617 10402.1998985974
10618 10403.0178854993
10619 10404.392729079
10620 10404.8797625843
10621 10405.8510339873
10622 10406.6122035251
10623 10407.6208763039
10624 10408.6369011603
10625 10409.4626829897
10626 10410.2132278413
10627 10411.159007955
10628 10411.6082523188
10629 10412.5110732865
10630 10413.1814606302
10631 10414.183391868
10632 10414.9614334126
10633 10416.6132805875
10634 10417.3227578669
10635 10417.6067376578
10636 10418.659657168
10637 10419.1279409335
10638 10420.3188118995
10639 10421.4337665331
10640 10421.8629776515
10641 10422.4094336565
10642 10423.5287385831
10643 10424.7177619688
10644 10425.127182556
10645 10426.5542127948
10646 10427.3277969427
10647 10428.0578942558
10648 10428.8847835582
10649 10429.5196156688
10650 10430.1478320968
10651 10430.9576439982
10652 10431.9774944478
10653 10433.2206625489
10654 10433.9057954475
10655 10434.8542080485
10656 10435.5518980185
10657 10436.5164685261
10658 10437.371529513
10659 10437.8939281206
10660 10438.9642631459
10661 10439.9146536891
10662 10440.5162162254
10663 10441.1534355002
10664 10441.79481614
10665 10443.5144830059
10666 10444.5099204108
10667 10444.8784753742
10668 10445.9580332097
10669 10446.4905234465
10670 10447.146060936
10671 10448.3700340224
10672 10448.6841085326
10673 10449.9545353497
10674 10450.6765169317
10675 10451.594522419
10676 10452.844652668
10677 10453.5028546641
10678 10453.7631148022
10679 10455.3907373135
10680 10456.1514829204
10681 10456.840850379
10682 10457.2312154035
10683 10458.0927979414
10684 10459.1417842001
10685 10459.7583723507
10686 10461.3117933105
10687 10461.8188176272
10688 10463.2156868328
10689 10463.5868430267
10690 10464.1597573405
10691 10465.0139912445
10692 10465.9611994409
10693 10466.9038635943
10694 10467.6468642905
10695 10468.7102198887
10696 10469.0046144921
10697 10470.2291300041
10698 10471.2561312355
10699 10472.4135970673
10700 10472.8977095252
10701 10473.6636167709
10702 10474.520744262
10703 10475.4240745159
10704 10476.0133513965
10705 10476.5605691568
10706 10477.5810478319
10707 10479.1949519602
10708 10479.8496581501
10709 10480.4615974295
10710 10481.2583846923
10711 10482.1768188803
10712 10483.0049039938
10713 10483.7666639454
10714 10484.928752361
10715 10485.255087228
10716 10486.1081309374
10717 10487.0319645271
10718 10487.9630824571
10719 10489.0045710191
10720 10490.0677565938
10721 10491.0097903089
10722 10491.4467723985
10723 10492.427504266
10724 10492.8869088479
10725 10493.4229483589
10726 10495.1865347438
10727 10495.4434959397
10728 10496.2465561567
10729 10497.6875933382
10730 10498.3341054995
10731 10499.2018114062
10732 10499.8023114275
10733 10500.8082625512
10734 10501.8386027984
10735 10502.4912734398
10736 10503.2072883126
10737 10503.8869558085
10738 10504.5500819398
10739 10505.6489397102
10740 10507.1199707191
10741 10507.9491388718
10742 10508.5231382517
10743 10509.0145179743
10744 10510.2292116758
10745 10510.8331799512
10746 10511.5617113407
10747 10512.4548235113
10748 10513.3433445683
10749 10514.4430238588
10750 10515.0841804615
10751 10515.8641736625
10752 10516.9496117663
10753 10517.921954428
10754 10518.8985604438
10755 10519.4751149464
10756 10519.9322095365
10757 10521.1453210251
10758 10521.6562919266
10759 10522.3166412037
10760 10523.5502032393
10761 10524.7520336629
10762 10525.4353919043
10763 10526.5904931065
10764 10527.0421150791
10765 10527.6455094787
10766 10528.404773665
10767 10529.9258195586
10768 10530.2211766726
10769 10531.4067983966
10770 10531.5613988691
10771 10532.5996586842
10772 10534.0649332406
10773 10534.7842630039
10774 10535.4901705663
10775 10536.6650847009
10776 10537.3550663743
10777 10537.9265031277
10778 10538.5387115793
10779 10539.5774333127
10780 10540.0855010439
10781 10541.5242555336
10782 10542.2791671052
10783 10543.4638245056
10784 10543.7925066982
10785 10544.8557377833
10786 10545.5547477646
10787 10546.8625868542
10788 10547.1533705125
10789 10548.0235049857
10790 10548.95645719
10791 10549.7149291409
10792 10550.4546739621
10793 10551.1395972904
10794 10553.1680034695
10795 10553.3429836134
10796 10554.3175281611
10797 10554.8239802577
10798 10555.6465985898
10799 10556.5058827965
10800 10557.3158876462
10801 10558.2131434846
10802 10559.1379734148
10803 10559.7733228321
10804 10561.1552352429
10805 10561.7170512369
10806 10562.4762430917
10807 10563.7799791663
10808 10564.0066926789
10809 10565.5187092883
10810 10565.9131825117
10811 10566.5877721027
10812 10567.0013200484
10813 10568.2213882969
10814 10569.4333777469
10815 10570.4565900294
10816 10571.1446179422
10817 10571.9821779522
10818 10572.8976646025
10819 10573.4915519906
10820 10574.0484930586
10821 10575.1498807926
10822 10576.2311192362
10823 10577.0030255948
10824 10577.2449540662
10825 10578.7529762413
10826 10579.2609688353
10827 10580.5335371952
10828 10581.6700542584
10829 10582.0128891146
10830 10582.8122085832
10831 10583.6333120149
10832 10584.2840158174
10833 10585.4435949793
10834 10585.6828456192
10835 10586.9241538414
10836 10588.3593214615
10837 10589.0486756273
10838 10589.7397786701
10839 10590.1801349413
10840 10591.2376312246
10841 10592.4351705205
10842 10593.0158606728
10843 10593.6840517847
10844 10594.4820736705
10845 10595.4863253072
10846 10595.9075107672
10847 10597.4203763779
10848 10598.2820715406
10849 10599.1361706599
10850 10600.0411484025
10851 10600.6236431624
10852 10601.4338957727
10853 10601.9552959095
10854 10602.8043899626
10855 10603.9394753163
10856 10605.0173447879
10857 10605.5879579009
10858 10606.3906101044
10859 10607.7566018163
10860 10608.3099204529
10861 10608.8927957967
10862 10610.077947584
10863 10610.8480823765
10864 10611.537091526
10865 10612.3552339325
10866 10613.0791581136
10867 10613.4686422329
10868 10615.2464877548
10869 10616.1624215382
10870 10616.9365553294
10871 10617.6960351205
10872 10618.2073992749
10873 10619.0954531624
10874 10619.89677496
10875 10621.0265449855
10876 10621.5820604257
10877 10622.22960574
10878 10623.6379181228
10879 10624.198644515
10880 10625.2212557981
10881 10625.8063877427
10882 10627.2982799969
10883 10628.0164744415
10884 10628.2705943887
10885 10629.3278552841
10886 10629.8103193039
10887 10630.8432716801
10888 10631.6436946842
10889 10632.6897473258
10890 10633.9215496326
10891 10634.7709758881
10892 10635.1776342964
10893 10636.1699282042
10894 10637.0217519076
10895 10637.4489127888
10896 10638.7822629064
10897 10639.6175641206
10898 10640.201443491
10899 10640.7796267386
10900 10641.7610705753
10901 10643.0804471705
10902 10644.1887629707
10903 10644.6924213461
10904 10645.3220538776
10905 10646.3777254985
10906 10647.247734486
10907 10647.6850956953
10908 10648.1892252474
10909 10649.6630155398
10910 10650.4006979691
10911 10651.6321325826
10912 10652.2137943569
10913 10653.1609117369
10914 10653.6388813196
10915 10654.9356685173
10916 10655.5962827442
10917 10656.4608108643
10918 10657.3024348171
10919 10657.5698133212
10920 10658.8213471854
10921 10659.5355567883
10922 10660.5765334521
10923 10661.8491385905
10924 10662.6543558767
10925 10663.4537010531
10926 10663.9003886686
10927 10664.4032376701
10928 10665.6058491166
10929 10666.5419958183
10930 10667.2673278613
10931 10668.1038738691
10932 10668.9010334184
10933 10670.2837411712
10934 10670.6260737693
10935 10671.721432657
10936 10672.5073354522
10937 10673.5982144267
10938 10674.0476588677
10939 10674.9948522956
10940 10675.5927102491
10941 10676.4023421895
10942 10676.9093716618
10943 10679.0262511781
10944 10679.3835322757
10945 10679.9442940553
10946 10681.1254032187
10947 10681.7343028868
10948 10682.4407869242
10949 10683.5429399676
10950 10683.9290315446
10951 10685.1454818849
10952 10686.0525516094
10953 10686.49082152
10954 10687.4632349127
10955 10688.5975025811
10956 10689.7112521776
10957 10690.3055133503
10958 10691.2695883999
10959 10692.0509864525
10960 10692.2315158301
10961 10693.4288735823
10962 10694.1519965529
10963 10695.0982173524
10964 10696.0335777599
10965 10697.1817076579
10966 10698.1167659662
10967 10698.8400500603
10968 10699.2039544342
10969 10700.1157508483
10970 10701.4596473668
10971 10702.1965191815
10972 10702.6485590348
10973 10703.4097205955
10974 10704.1483214024
10975 10705.4114357029
10976 10706.2460419884
10977 10707.5554504781
10978 10708.0198723975
10979 10708.9218626443
10980 10709.5648454738
10981 10710.5030639461
10982 10710.8904805122
10983 10711.8507347309
10984 10713.0598482398
10985 10713.7214625583
10986 10714.8853831054
10987 10715.5573454161
10988 10716.1565737149
10989 10717.6202080123
10990 10718.0794217293
10991 10719.0701393571
10992 10719.4337176457
10993 10720.8868183554
10994 10721.1314316774
10995 10721.8607505882
10996 10722.7341069977
10997 10724.1941821559
10998 10725.3515930037
10999 10725.9500458308
11000 10726.257558299
