15001 14041.6662805352
15002 14042.6442527545
15003 14043.6776638413
15004 14043.963420715
15005 14044.6814109362
15006 14045.3725279966
15007 14046.3892064915
15008 14047.5441278574
15009 14047.9601416509
15010 14048.5976898292
15011 14049.4556772302
15012 14050.4532659781
15013 14051.4415352411
15014 14052.3547967451
15015 14053.2325942991
15016 14053.8462839166
15017 14054.754938304
15018 14055.14489578
15019 14056.3100449436
15020 14056.7556557877
15021 14057.2118401722
15022 14058.8530530036
15023 14059.7179251446
15024 14060.4170683858
15025 14061.1415569802
15026 14061.8697526481
15027 14062.7617481151
15028 14063.8057848706
15029 14064.2726389061
15030 14065.0142449346
15031 14066.0352180986
15032 14066.6876663093
15033 14067.346468494
15034 14068.0194749119
15035 14069.7237026952
15036 14070.1348139968
15037 14071.2628076619
15038 14071.8587612559
15039 14072.5806394747
15040 14072.8356107648
15041 14074.1648844409
15042 14074.625386783
15043 14075.9426195666
15044 14076.390773377
15045 14077.1668221475
15046 14078.5354541021
15047 14079.2061709228
15048 14079.7889657742
15049 14080.5127187349
15050 14081.6972150491
15051 14082.6335423477
15052 14083.0176070212
15053 14083.60219541
15054 14084.4343060268
15055 14085.1416954555
15056 14086.3373752354
15057 14087.4951470796
15058 14088.2761274206
15059 14088.8549020635
15060 14089.766549832
15061 14090.3389636679
15062 14091.1545108334
15063 14091.883790686
15064 14092.8264102819
15065 14093.6000061939
15066 14094.4327284629
15067 14095.2545381274
15068 14096.1091288619
15069 14096.6857570529
15070 14098.3778496958
15071 14098.7172469845
15072 14099.4060452475
15073 14100.1279133074
15074 14100.9459251811
15075 14101.812148672
15076 14102.2297830197
15077 14103.2413346774
15078 14104.0347864248
15079 14105.5880011642
15080 14106.2604465274
15081 14106.5158025213
15082 14107.6577923564
15083 14108.2276371273
15084 14109.0163416112
15085 14110.1480992008
15086 14110.8538771059
15087 14111.5586453665
15088 14111.979059068
15089 14112.9047098443
15090 14114.2029467149
15091 14114.9306599094
15092 14115.8916094824
15093 14116.7186662339
15094 14117.3683951651
15095 14118.5225848567
15096 14118.6449678376
15097 14119.1562530152
15098 14120.3608729726
15099 14121.5201648343
15100 14122.0268792454
15101 14123.0703044853
15102 14123.8679539395
15103 14124.8878129977
15104 14125.3359376836
15105 14126.2712892664
15106 14127.2473363223
15107 14128.0600277229
15108 14128.3484845334
15109 14129.6553402954
15110 14130.0696903393
15111 14130.6364794967
15112 14131.7807546911
15113 14133.2421129929
15114 14133.9718426193
15115 14134.535372089
15116 14135.2207078987
15117 14135.6952939242
15118 14136.8926118893
15119 14137.5696022468
15120 14138.4679777981
15121 14138.8493736076
15122 14140.3008684647
15123 14140.7338981313
15124 14141.7947482983
15125 14142.6527156557
15126 14143.2245175564
15127 14144.5660307953
15128 14145.1195618097
15129 14145.8192961781
15130 14146.4533982608
15131 14147.2138989523
15132 14147.9144674641
15133 14148.6381042711
15134 14150.2746468687
15135 14150.6748127472
15136 14151.5952152378
15137 14152.6519470135
15138 14153.1280918566
15139 14153.9595663091
15140 14154.3355895333
15141 14155.5768972516
15142 14156.5662290202
15143 14157.1120118226
15144 14157.7707377914
15145 14158.4151642744
15146 14159.6492283841
15147 14160.7622031592
15148 14161.4406999893
15149 14162.2185781346
15150 14163.037268842
15151 14163.6261158983
15152 14164.4782914926
15153 14164.9815513709
15154 14165.9552004606
15155 14166.6814841927
15156 14167.7542246022
15157 14168.9647779265
15158 14169.6546536855
15159 14170.1456020705
15160 14170.7193556472
15161 14172.1586593334
15162 14172.627240966
15163 14173.5720659234
15164 14174.3695479923
15165 14174.537794405
15166 14175.8123141219
15167 14176.6674277352
15168 14177.1548397065
15169 14178.7832495679
15170 14179.4229416555
15171 14180.4181140782
15172 14180.5361321217
15173 14181.6002799983
15174 14182.2740009704
15175 14182.8292852922
15176 14184.0420401649
15177 14185.0293805531
15178 14185.3260476388
15179 14186.5025446222
15180 14187.4541475266
15181 14188.0974510823
15182 14189.1922970059
15183 14189.7347904593
15184 14190.458381639
15185 14191.6615434265
15186 14192.2204242299
15187 14192.6877045532
15188 14193.3658063579
15189 14194.1742389359
15190 14195.7930511121
15191 14196.5989510801
15192 14197.0744051547
15193 14198.0868782975
15194 14198.6306617325
15195 14199.4731196218
15196 14200.147773069
15197 14201.097159384
15198 14201.8415480416
15199 14202.74988989
15200 14203.3035169274
15201 14204.4084993286
15202 14205.1453784185
15203 14206.0296109255
15204 14206.9713195446
15205 14208.2954155286
15206 14208.452740659
15207 14208.9909140674
15208 14209.8368963764
15209 14210.6968846581
15210 14211.6664952415
15211 14212.108927076
15212 14213.3902551617
15213 14214.4147951857
15214 14215.228330062
15215 14215.9264277705
15216 14216.4941444031
15217 14217.0658572422
15218 14218.5217613219
15219 14219.0609471169
15220 14219.6372620184
15221 14220.6471170597
15222 14221.2679971581
15223 14221.7362854139
15224 14223.3089022809
15225 14224.2270072045
15226 14224.968579966
15227 14225.4861923476
15228 14226.5791566435
15229 14227.066464245
15230 14227.9828626477
15231 14228.3468121971
15232 14229.2507274717
15233 14230.5162390435
15234 14231.301598913
15235 14232.2565635915
15236 14232.5717199814
15237 14233.9932819156
15238 14234.3986395875
15239 14235.3745424974
15240 14236.3697836586
15241 14236.6956709777
15242 14237.7805898255
15243 14238.3780360444
15244 14238.942711742
15245 14239.9497464109
15246 14240.9448029143
15247 14242.2318239068
15248 14242.9946675758
15249 14243.5027436876
15250 14244.1486551057
15251 14245.0700168283
15252 14245.3684283992
15253 14246.9380885887
15254 14247.4132852358
15255 14248.1420359306
15256 14248.7194176149
15257 14250.2466527763
15258 14250.8258627987
15259 14251.383071329
15260 14252.5314530271
15261 14253.4786300674
15262 14254.0741953359
15263 14254.8639573424
15264 14255.4975578746
15265 14256.0674065185
15266 14256.8400124967
15267 14257.9853630319
15268 14258.9604097929
15269 14260.2910930654
15270 14260.4293451397
15271 14261.2082476532
15272 14262.3205877877
15273 14262.8699899436
15274 14263.6868663698
15275 14264.3327716152
15276 14265.6039696091
15277 14266.0108059186
15278 14266.9274999804
15279 14267.3981988686
15280 14268.584651548
15281 14269.8876049552
15282 14270.692584634
15283 14270.9436206949
15284 14271.974583207
15285 14272.5809815162
15286 14273.4275398554
15287 14274.1166750848
15288 14274.7532263096
15289 14275.9158238197
15290 14276.8061386543
15291 14277.7446413953
15292 14278.727220777
15293 14279.1586576897
15294 14279.8183458285
15295 14280.7947390947
15296 14282.0017255344
15297 14282.4884280406
15298 14283.2071737933
15299 14283.5689985989
15300 14284.7572394794
15301 14285.3933129399
15302 14286.8745181873
15303 14287.3387262615
15304 14288.3639223628
15305 14289.4343305929
15306 14289.81385585
15307 14290.1987619575
15308 14291.1350898729
15309 14292.1760649722
15310 14292.8357038039
15311 14293.9354617155
15312 14294.4841405511
15313 14295.458070204
15314 14296.344439031
15315 14297.1298137129
15316 14298.0981132604
15317 14298.8335682035
15318 14299.5887957752
15319 14300.2732962706
15320 14301.0186958464
15321 14301.9381780956
15322 14302.5314410938
15323 14302.8805947005
15324 14305.0566773628
15325 14305.3910544406
15326 14306.149387603
15327 14306.9380641216
15328 14307.4177352664
15329 14308.550649006
15330 14309.1852285478
15331 14309.976471692
15332 14310.9752204127
15333 14311.4110751278
15334 14312.495657049
15335 14313.1678791393
15336 14314.3068050855
15337 14314.9156560367
15338 14316.2515195539
15339 14316.5705014889
15340 14317.6904630894
15341 14318.1289179444
15342 14318.8305535315
15343 14319.2824658963
15344 14320.5684773912
15345 14321.5507796377
15346 14322.1410776018
15347 14323.322064349
15348 14324.2027109535
15349 14324.7642696887
15350 14325.4996566789
15351 14326.1513582942
15352 14327.1610985134
15353 14328.1671961672
15354 14328.858421485
15355 14329.265337197
15356 14329.9790665677
15357 14331.089677908
15358 14332.0917405552
15359 14333.2161484777
15360 14334.1924660299
15361 14334.3030799523
15362 14335.1489286608
15363 14336.1644394815
15364 14336.920719359
15365 14337.1949675812
15366 14338.6059270598
15367 14338.9458189821
15368 14340.5780008725
15369 14340.9324017205
15370 14341.9317886775
15371 14342.3052088898
15372 14343.5925160618
15373 14344.5843736373
15374 14345.0276224441
15375 14345.6406617378
15376 14346.5946049883
15377 14347.3694756689
15378 14347.8661631008
15379 14348.8303238824
15380 14350.1003112416
15381 14351.1120362352
15382 14351.7114937342
15383 14352.4519082832
15384 14353.2841693549
15385 14353.6841334649
15386 14354.4556089212
15387 14355.7209356672
15388 14356.3816013279
15389 14357.1684126292
15390 14357.7492329441
15391 14358.6726337443
15392 14360.0650385687
15393 14360.569543518
15394 14361.150138304
15395 14362.3295963254
15396 14363.1688971587
15397 14363.6326474645
15398 14364.3513439085
15399 14365.0614406705
15400 14365.668694711
15401 14366.9117962752
15402 14368.1581049171
15403 14368.7623658338
15404 14369.4249290799
15405 14370.4680810185
15406 14370.8390535389
15407 14371.7009708266
15408 14372.893840617
15409 14373.398287727
15410 14373.9766347136
15411 14375.0542166952
15412 14375.8467112432
15413 14376.4484284928
15414 14377.3935542235
15415 14378.813662933
15416 14379.3813267592
15417 14380.3026903568
15418 14380.6520959647
15419 14381.2755348117
15420 14382.312399889
15421 14383.0816839468
15422 14383.7695261408
15423 14384.6871663926
15424 14385.7412647036
15425 14386.7151204191
15426 14387.513368605
15427 14387.8651723352
15428 14389.0408622116
15429 14389.5783563055
15430 14390.7160703877
15431 14391.3848961236
15432 14392.1940965867
15433 14392.6359239615
15434 14393.2174498762
15435 14394.4655260279
15436 14395.7665108479
15437 14396.4706022536
15438 14397.0617733191
15439 14397.9334715923
15440 14398.9873266428
15441 14399.1315872499
15442 14400.1934228244
15443 14400.5416876474
15444 14402.1658838249
15445 14402.7520598294
15446 14403.0889255793
15447 14404.6625310406
15448 14404.978034064
15449 14405.9477427684
15450 14407.1371937865
15451 14407.6603804085
15452 14408.3657137402
15453 14409.2819645078
15454 14409.7355427391
15455 14410.6226450199
15456 14411.3890085745
15457 14412.1334869664
15458 14413.4215052012
15459 14414.5734926609
15460 14415.2586429085
15461 14415.5832256757
15462 14416.1967742866
15463 14417.2666282626
15464 14418.1933918132
15465 14419.0647082122
15466 14419.4970560963
15467 14420.4572535131
15468 14421.0647353572
15469 14422.4968722686
15470 14422.7170572822
15471 14424.0840046793
15472 14424.8217400114
15473 14425.6288755053
15474 14426.3897711571
15475 14426.9409085307
15476 14427.6794875686
15477 14428.3670446702
15478 14429.108955667
15479 14430.4201794147
15480 14431.4693465853
15481 14431.8260282057
15482 14432.7950384912
15483 14433.8511874419
15484 14434.3220111361
15485 14435.0493263527
15486 14435.9844522061
15487 14436.8979617874
15488 14437.5302676789
15489 14438.4425207067
15490 14438.8368112108
15491 14439.5798473641
15492 14441.372734237
15493 14441.8246797109
15494 14442.7660654986
15495 14443.3523991765
15496 14444.1529429382
15497 14444.8221203718
15498 14445.3602572085
15499 14446.6531915969
15500 14447.1098406872
15501 14447.9225063398
15502 14449.1327947508
15503 14449.9516241281
15504 14450.7051225032
15505 14451.4182678028
15506 14452.0056716979
15507 14453.5791665684
15508 14453.9191493199
15509 14454.6434566118
15510 14455.0777437459
15511 14456.0682955607
15512 14456.8736212417
15513 14457.7047745642
15514 14458.8920726974
15515 14459.853925342
15516 14460.7230099311
15517 14461.0564399775
15518 14462.0498957334
15519 14462.6166084385
15520 14463.2892870121
15521 14464.453779212
15522 14465.2009970929
15523 14465.9303724791
15524 14466.7432080264
15525 14467.3975475217
15526 14468.6132348735
15527 14469.4569558925
15528 14470.384412343
15529 14471.0755492969
15530 14471.3975228619
15531 14472.7892144233
15532 14473.3671648098
15533 14473.6208972694
15534 14474.4466420865
15535 14475.7576812461
15536 14476.8814463907
15537 14477.7209107451
15538 14478.2179001233
15539 14478.9899115357
15540 14479.7140050708
15541 14480.8417208238
15542 14481.2100252776
15543 14482.4973632206
15544 14482.8441517132
15545 14483.7207361663
15546 14484.3289001729
15547 14485.5811135303
15548 14486.2918209433
15549 14487.201600486
15550 14488.5359577458
15551 14488.8357331278
15552 14489.5513397652
15553 14490.2543506652
15554 14490.7818874978
15555 14491.7896118942
15556 14492.8418202354
15557 14493.5570136772
15558 14494.2078892935
15559 14495.7089178812
15560 14496.0352094363
15561 14497.0234387247
15562 14497.4048893509
15563 14498.6936742313
15564 14499.3435591422
15565 14500.1497004322
15566 14500.9201739119
15567 14501.3564887039
15568 14502.3688386476
15569 14502.8331136202
15570 14504.7440894397
15571 14505.2783836805
15572 14505.7825115986
15573 14506.7195078682
15574 14507.3573236827
15575 14508.1538858206
15576 14509.0326402327
15577 14509.5127000462
15578 14510.4796291308
15579 14511.5196004004
15580 14512.368992338
15581 14512.9776199433
15582 14513.81271575
15583 14514.8538210758
15584 14515.8810553272
15585 14516.2694027249
15586 14517.4428000007
15587 14517.8925538581
15588 14518.3261280444
15589 14519.6355337979
15590 14519.9066822016
15591 14520.9889915155
15592 14522.3816245752
15593 14522.931620754
15594 14523.8756893811
15595 14524.7402563251
15596 14525.2383171867
15597 14525.5097983662
15598 14526.9651220588
15599 14527.8667882028
15600 14528.5745063688
15601 14528.9194116164
15602 14529.7641471807
15603 14531.060133791
15604 14531.7454799465
15605 14532.8850023574
15606 14533.3561970942
15607 14534.5001475173
15608 14535.059025287
15609 14535.7822187013
15610 14536.2846698829
15611 14537.1939384281
15612 14537.8781296986
15613 14539.0763732171
15614 14540.0042168405
15615 14541.0418560568
15616 14541.405677124
15617 14542.1975406378
15618 14543.1497988543
15619 14544.1709298424
15620 14544.6373052255
15621 14545.3809830682
15622 14546.3032956936
15623 14547.2779344788
15624 14547.482563255
15625 14548.4852927275
15626 14549.616964452
15627 14551.0907368487
15628 14551.4022842415
15629 14552.0151179351
15630 14552.7028336477
15631 14553.5790258928
15632 14554.4066455096
15633 14554.887286114
15634 14556.1393116659
15635 14556.8048302256
15636 14557.4980486358
15637 14558.722540114
15638 14559.5643552053
15639 14560.0188237713
15640 14560.906756295
15641 14561.9205613271
15642 14562.7989911965
15643 14563.3637101138
15644 14564.1261252547
15645 14564.6955600895
15646 14565.1497911362
15647 14566.8348471102
15648 14567.488652627
15649 14568.488804466
15650 14569.2577235224
15651 14569.9738362036
15652 14570.7901340383
15653 14571.2647690231
15654 14572.0086372041
15655 14573.2032494394
15656 14573.8574206914
15657 14574.5889707805
15658 14575.5055219616
15659 14576.1230787556
15660 14577.2458600191
15661 14578.0552606816
15662 14579.2221265872
15663 14579.7120658714
15664 14580.4344898793
15665 14580.9539991988
15666 14581.9990376936
15667 14582.6467940028
15668 14583.4220964735
15669 14583.9994360797
15670 14585.6802560417
15671 14586.4926841502
15672 14586.9160022555
15673 14587.5699173447
15674 14588.5712478451
15675 14589.1179201083
15676 14590.3867031567
15677 14591.1502155323
15678 14591.2957914342
15679 14592.4630318385
15680 14593.2091902242
15681 14593.878153024
15682 14595.1698591104
15683 14596.2457784888
15684 14596.5464122973
15685 14597.7104492522
15686 14598.3950347268
15687 14599.0203608926
15688 14599.4818137963
15689 14600.2405974607
15690 14601.5780360792
15691 14602.1973247333
15692 14603.246684326
15693 14603.764844892
15694 14604.9225289342
15695 14605.7598805045
15696 14606.2474103616
15697 14607.1819133825
15698 14607.9565452636
15699 14609.1815330264
15700 14609.2830366268
15701 14610.1062460574
15702 14610.9814369292
15703 14611.5802335307
15704 14613.1555977207
15705 14613.9728469567
15706 14614.7516519529
15707 14615.3726659598
15708 14615.8496468558
15709 14616.760642469
15710 14617.7033315171
15711 14618.3663146543
15712 14619.2129494006
15713 14619.9374612013
15714 14620.838329885
15715 14622.0310821975
15716 14622.6226624437
15717 14622.9977197626
15718 14624.6296886438
15719 14625.224869789
15720 14625.9075137095
15721 14626.3569138168
15722 14627.4392105003
15723 14627.8156505268
15724 14628.7918798568
15725 14629.6236227624
15726 14631.0464354497
15727 14631.4567383964
15728 14632.722093477
15729 14633.1490781483
15730 14633.6911396086
15731 14634.8077551774
15732 14635.2752625299
15733 14636.2407681926
15734 14637.5296463282
15735 14637.8343673006
15736 14638.2062353131
15737 14639.3418085901
15738 14640.6254416037
15739 14641.4720167324
15740 14642.197945165
15741 14642.8467997141
15742 14643.7118669695
15743 14644.5274386043
15744 14645.0677193822
15745 14645.7196969263
15746 14646.4879327471
15747 14647.6955591794
15748 14648.645270735
15749 14649.4543704083
15750 14650.289963245
15751 14650.9014489798
15752 14651.5882436994
15753 14652.6184153032
15754 14653.709540173
15755 14653.9878983112
15756 14654.8795477915
15757 14655.3923139693
15758 14656.6349342079
15759 14657.0573234664
15760 14658.1328257969
15761 14659.4677379344
15762 14660.0913899619
15763 14660.8941338408
15764 14661.507722615
15765 14661.9443406006
15766 14662.7641128618
15767 14663.9132338397
15768 14664.743475436
15769 14665.1628102689
15770 14666.29024873
15771 14667.3588533513
15772 14667.7835024499
15773 14669.0102430666
15774 14669.5518498935
15775 14670.3570002342
15776 14671.5016811287
15777 14671.8436989942
15778 14672.8867954429
15779 14673.3004368898
15780 14673.9556702585
15781 14674.8516093432
15782 14676.563325626
15783 14677.1206848005
15784 14677.7208135326
15785 14678.3361951175
15786 14679.5939602786
15787 14680.0443751038
15788 14680.5128941514
15789 14681.7311424007
15790 14682.4145379647
15791 14683.3150637446
15792 14684.0242294878
15793 14684.7380392377
15794 14685.7807760571
15795 14686.6784370211
15796 14687.6489135242
15797 14688.4814416926
15798 14689.0597604343
15799 14689.6795685144
15800 14690.3874873175
15801 14691.263793891
15802 14691.8675836406
15803 14693.2532207753
15804 14693.4680047603
15805 14695.2009038814
15806 14695.6602799416
15807 14696.396466201
15808 14696.9040797483
15809 14697.6478624413
15810 14699.0911176798
15811 14699.5012526242
15812 14700.2248251017
15813 14701.0824423317
15814 14701.4653157147
15815 14702.6048870415
15816 14703.7897258097
15817 14704.4276202998
15818 14705.6319976465
15819 14706.1829822261
15820 14706.7044886513
15821 14707.6310194335
15822 14708.4131306176
15823 14708.8720199216
15824 14709.6742619332
15825 14711.0480206627
15826 14711.7009255893
15827 14712.5003456659
15828 14713.3991324376
15829 14714.0017619271
15830 14715.1268224958
15831 14715.8919079876
15832 14716.527738437
15833 14717.2142542737
15834 14718.1833926736
15835 14718.9407226742
15836 14719.4519874443
15837 14720.0227346894
15838 14721.5652574784
15839 14722.7766340335
15840 14723.0401201792
15841 14724.0581297874
15842 14724.5856255069
15843 14725.2655792939
15844 14726.0238544437
15845 14727.0932165316
15846 14727.8466062222
15847 14728.6382520591
15848 14729.0962780078
15849 14730.4066233101
15850 14731.3476420052
15851 14731.8069054278
15852 14732.7898742831
15853 14733.7016881294
15854 14734.6670585895
15855 14735.3866585576
15856 14735.6240748229
15857 14736.2137647035
15858 14737.5958589875
15859 14738.0128467012
15860 14739.3942675882
15861 14740.308454824
15862 14740.885311432
15863 14741.8635748527
15864 14742.419682947
15865 14743.1401797564
15866 14743.9501269306
15867 14744.8833378507
15868 14745.7603158436
15869 14746.2742527761
15870 14747.2021121264
15871 14747.961452844
15872 14748.5769131562
15873 14750.2234878664
15874 14750.9878925649
15875 14751.329241772
15876 14752.0371847596
15877 14753.2051767954
15878 14753.4231480203
15879 14754.578422485
15880 14755.0201451915
15881 14755.9018767902
15882 14757.1940766138
15883 14758.1781137927
15884 14758.5854174819
15885 14759.645065526
15886 14759.9755663619
15887 14761.2682237856
15888 14761.8629255466
15889 14762.8742909851
15890 14763.4030130985
15891 14764.1082549134
15892 14764.6927328244
15893 14765.7032453932
15894 14766.8407067243
15895 14767.7680483472
15896 14768.4549935491
15897 14769.6287194381
15898 14770.0346928835
15899 14770.5674966088
15900 14771.4675014137
15901 14771.9328120668
15902 14773.3834429991
15903 14774.0173603374
15904 14774.6306128432
15905 14775.4514373049
15906 14776.7124169901
15907 14777.4644078144
15908 14777.8266264606
15909 14779.2100898997
15910 14779.8234565556
15911 14780.3190865289
15912 14781.38567138
15913 14781.9038965293
15914 14782.7328122258
15915 14783.0991553971
15916 14784.7002534895
15917 14785.7118119527
15918 14786.6145788444
15919 14786.9170546153
15920 14787.5674422368
15921 14788.5237862315
15922 14789.5171970602
15923 14790.1305046432
15924 14790.8187280582
15925 14791.6682120003
15926 14792.6708742119
15927 14793.2766736407
15928 14794.1420919653
15929 14795.135071232
15930 14796.0732850806
15931 14797.0748073578
15932 14797.6582604094
15933 14798.0515498713
15934 14799.0942543391
15935 14799.6634896902
15936 14800.2724898709
15937 14801.5762128895
15938 14802.2197583036
15939 14803.4719503011
15940 14803.9436535751
15941 14805.0588574161
15942 14805.6453166637
15943 14806.2696637458
15944 14806.9015532214
15945 14808.3706402076
15946 14808.9361881573
15947 14809.2988155688
15948 14810.2649613808
15949 14810.7235243992
15950 14812.1118330437
15951 14813.2317310484
15952 14813.9006646017
15953 14814.5168385537
15954 14815.454022097
15955 14816.1418920569
15956 14816.7941008076
15957 14817.299146039
15958 14818.4568394727
15959 14819.1983379011
15960 14819.9784951354
15961 14821.377285198
15962 14821.7905784167
15963 14822.3393239379
15964 14823.4590219124
15965 14824.3603453743
15966 14825.208126222
15967 14825.9355342228
15968 14826.2936952352
15969 14827.2490871129
15970 14828.1099734412
15971 14828.8285645157
15972 14829.4711896387
15973 14831.1044576129
15974 14831.9335326704
15975 14832.2998815938
15976 14833.1659413809
15977 14833.7392945562
15978 14834.5053863186
15979 14835.43708843
15980 14836.3067869689
15981 14837.1326055457
15982 14837.8075800822
15983 14838.4365960249
15984 14839.7781369743
15985 14840.3580318168
15986 14841.4264550815
15987 14842.0141731396
15988 14842.8820600183
15989 14843.8507745145
15990 14844.318768306
15991 14845.1748370968
15992 14845.4265198795
15993 14846.4242548657
15994 14848.0790927339
15995 14848.4984761578
15996 14849.3328575964
15997 14850.3247593934
15998 14850.939373006
15999 14851.5303526758
16000 14852.5141221936
