14001 13223.6924264765
14002 13224.5203995737
14003 13225.0064885296
14004 13226.3420221222
14005 13227.0402877918
14006 13227.7710823322
14007 13228.7726561131
14008 13229.4607800196
14009 13230.2840880872
14010 13231.2078092922
14011 13231.5726008389
14012 13232.420176918
14013 13233.2301544016
14014 13234.0351778687
14015 13235.852345869
14016 13236.1936769399
14017 13236.9906635437
14018 13237.3046713585
14019 13238.5442362947
14020 13239.1223248735
14021 13240.1075268014
14022 13240.8202517982
14023 13241.5262265695
14024 13242.4105497586
14025 13243.447163733
14026 13244.1531557511
14027 13244.8373082435
14028 13246.2755670969
14029 13246.8814089987
14030 13247.5079433698
14031 13248.3364325843
14032 13249.0710535622
14033 13249.5243483527
14034 13250.4421884683
14035 13251.4749562628
14036 13252.5041139255
14037 13253.3209022721
14038 13254.2947962918
14039 13254.9956541977
14040 13255.72186081
14041 13256.4840951368
14042 13256.9843594503
14043 13258.5815630812
14044 13258.820075216
14045 13259.7329675008
14046 13260.2652948462
14047 13260.9467460638
14048 13262.6005699214
14049 13263.255071334
14050 13264.0521030385
14051 13264.9796478583
14052 13265.5504970752
14053 13266.2639824764
14054 13267.0607197773
14055 13267.7374545514
14056 13268.5418080318
14057 13269.5960279191
14058 13270.4940036803
14059 13271.5726665259
14060 13272.0905737247
14061 13272.9099569706
14062 13273.6108674028
14063 13274.9246287945
14064 13275.6773371671
14065 13275.9664655616
14066 13276.6627159529
14067 13277.8874569929
14068 13278.5380815079
14069 13278.9096657779
14070 13280.6161412102
14071 13281.3149589755
14072 13282.5141047101
14073 13282.8534757311
14074 13283.2640180352
14075 13284.4068635427
14076 13284.9216833937
14077 13286.1978252486
14078 13286.6559940923
14079 13287.7394812705
14080 13288.2548813036
14081 13289.2999976374
14082 13290.3194676782
14083 13291.21408506
14084 13291.7504688813
14085 13292.7606195379
14086 13293.5604554225
14087 13294.3982799111
14088 13294.8380703682
14089 13295.5592973469
14090 13296.15237935
14091 13297.727813339
14092 13298.684304919
14093 13299.3198314649
14094 13300.0141582118
14095 13300.9720672315
14096 13301.6284908185
14097 13302.3480072542
14098 13303.1612009518
14099 13304.1922128936
14100 13304.9791189329
14101 13305.3163930711
14102 13306.5380808553
14103 13307.2516289294
14104 13308.155696459
14105 13309.4895700238
14106 13310.1998376815
14107 13310.662676618
14108 13311.4349025255
14109 13312.1506968185
14110 13312.7859014013
14111 13313.917039231
14112 13314.668401911
14113 13315.2522703352
14114 13316.7761595288
14115 13317.5878573205
14116 13318.0260786125
14117 13318.6627688697
14118 13319.6905379154
14119 13320.7658899673
14120 13321.2807056067
14121 13322.2525112943
14122 13322.835238611
14123 13323.2676349796
14124 13324.4363244153
14125 13325.3565242968
14126 13326.9012167145
14127 13327.0997834358
14128 13327.9308065608
14129 13328.8328247348
14130 13329.6844385412
14131 13330.0713201864
14132 13330.8675414167
14133 13331.7524091293
14134 13333.1066053832
14135 13333.4991456143
14136 13334.3606651482
14137 13335.249006295
14138 13336.3150483958
14139 13336.9652293304
14140 13337.9899352055
14141 13338.5565884545
14142 13339.3056538126
14143 13340.3135850575
14144 13340.6809319503
14145 13341.555294106
14146 13342.250647024
14147 13343.6993176388
14148 13344.7765737164
14149 13345.1386333678
14150 13346.3846145452
14151 13346.6130442569
14152 13347.0605648099
14153 13348.5792015952
14154 13349.3266835066
14155 13349.8534663325
14156 13350.6370956057
14157 13351.4861640974
14158 13352.5177544793
14159 13353.5466200058
14160 13353.9932301342
14161 13355.1753636186
14162 13356.2194479892
14163 13356.7040304268
14164 13357.2306652931
14165 13357.9007582176
14166 13358.9786924128
14167 13359.4351177448
14168 13360.7169517203
14169 13361.7361846751
14170 13362.5222971011
14171 13363.2027282852
14172 13364.0804604767
14173 13364.8740722116
14174 13365.4514973369
14175 13366.5886154037
14176 13367.0651854254
14177 13368.2264015984
14178 13368.7504915559
14179 13369.4231275105
14180 13370.0718008973
14181 13371.7680773098
14182 13372.6775320115
14183 13373.0214943227
14184 13373.8782693553
14185 13374.5341028745
14186 13375.5808517181
14187 13376.0431146774
14188 13376.6916009774
14189 13378.0159394428
14190 13378.4885901593
14191 13379.6981980021
14192 13380.7321510424
14193 13381.0534946265
14194 13381.9637706419
14195 13382.9496733877
14196 13383.7555293987
14197 13384.7781619601
14198 13385.3320432919
14199 13385.6217854609
14200 13386.65258651
14201 13387.503245532
14202 13388.7168425795
14203 13389.3433150258
14204 13390.7633476998
14205 13391.2237557963
14206 13391.8272529338
14207 13392.71712078
14208 13393.1623117708
14209 13394.0706446797
14210 13395.405445599
14211 13395.9186389617
14212 13396.3722167746
14213 13397.5930447477
14214 13398.4881494036
14215 13399.1944809735
14216 13400.392606319
14217 13401.021910633
14218 13401.7527334602
14219 13402.4305525907
14220 13403.4031072006
14221 13403.9658151971
14222 13404.6621357333
14223 13405.2444655342
14224 13406.9073703474
14225 13407.8835338157
14226 13408.3417524001
14227 13409.0558356935
14228 13409.734981203
14229 13410.913530892
14230 13411.3947759646
14231 13412.4017050479
14232 13413.0093708117
14233 13413.8553687821
14234 13414.9338352682
14235 13415.0976176789
14236 13416.5296432744
14237 13417.4415052455
14238 13418.3607596695
14239 13419.1215204903
14240 13419.996864878
14241 13420.3673800632
14242 13421.0048026988
14243 13421.9260032935
14244 13422.9344139264
14245 13423.7035209085
14246 13424.7796594206
14247 13425.3248094333
14248 13426.7328364866
14249 13427.3067936765
14250 13427.6278960986
14251 13428.5871992117
14252 13430.0071153607
14253 13430.2898977455
14254 13431.1956951324
14255 13431.6795910341
14256 13432.5208997785
14257 13433.3226256697
14258 13434.8116286735
14259 13435.6389785343
14260 13436.2444363509
14261 13437.0277021665
14262 13437.8816927487
14263 13438.3090338348
14264 13439.2934666359
14265 13440.1516242656
14266 13440.7040270265
14267 13441.8316989244
14268 13442.8982311886
14269 13443.3587225109
14270 13444.3402926694
14271 13445.0094161096
14272 13446.4244611323
14273 13447.003314816
14274 13447.3738474267
14275 13448.3625958521
14276 13449.1634929651
14277 13449.726003467
14278 13450.6589140416
14279 13451.3318739181
14280 13452.9045281113
14281 13453.6397741527
14282 13454.2883461256
14283 13455.0027593745
14284 13455.7174292132
14285 13456.4118313236
14286 13457.264937024
14287 13458.4728263152
14288 13459.0013610484
14289 13459.7445660346
14290 13460.1420355196
14291 13461.9271488402
14292 13462.1752791944
14293 13463.4511148559
14294 13464.0230140242
14295 13464.9618808198
14296 13465.7689206502
14297 13466.4048184426
14298 13467.1246643852
14299 13467.2987362717
14300 13468.992754691
14301 13469.6249354372
14302 13470.718356568
14303 13471.5895503535
14304 13472.1828143251
14305 13472.9749737953
14306 13473.7593221722
14307 13474.791777989
14308 13475.3456846133
14309 13476.236428461
14310 13476.99139913
14311 13477.6518891774
14312 13478.5998448915
14313 13479.1816877662
14314 13480.661873738
14315 13481.6552336659
14316 13482.3448762692
14317 13482.6518469952
14318 13483.4081499427
14319 13484.3437068785
14320 13485.2522281485
14321 13485.8196768875
14322 13486.799678301
14323 13487.5724408951
14324 13488.8724159074
14325 13489.3792761311
14326 13490.1754368025
14327 13491.0891252396
14328 13491.7439601419
14329 13493.0208432632
14330 13493.5464336962
14331 13493.9875184557
14332 13495.1346400105
14333 13495.3876967142
14334 13496.3205669534
14335 13497.9768842441
14336 13498.6730834181
14337 13499.0628073024
14338 13500.3883980064
14339 13500.8796421345
14340 13501.641100599
14341 13502.0702831201
14342 13503.1316726738
14343 13504.2713250517
14344 13504.8139645395
14345 13505.6318723812
14346 13506.3612678667
14347 13507.347036416
14348 13508.6620385816
14349 13508.9339269026
14350 13510.0430366418
14351 13510.9982375248
14352 13511.1926999155
14353 13512.0735315495
14354 13513.0955393965
14355 13513.5362678958
14356 13514.4345035185
14357 13515.7390657535
14358 13516.8683909956
14359 13517.4264894859
14360 13517.945456561
14361 13518.6458723303
14362 13519.5853091986
14363 13520.7366591097
14364 13521.3424820513
14365 13521.8859109102
14366 13522.6777946866
14367 13523.6167413692
14368 13524.5252677101
14369 13525.3042464895
14370 13526.4702437241
14371 13527.4667241341
14372 13527.8990904502
14373 13528.7058173614
14374 13529.4585246248
14375 13530.0731824448
14376 13530.7053865514
14377 13531.8192178921
14378 13532.9977059063
14379 13533.3811533426
14380 13534.6320192808
14381 13535.213406299
14382 13536.1721382293
14383 13536.900031015
14384 13537.7887403652
14385 13538.259647216
14386 13539.5603704869
14387 13540.2006588534
14388 13540.6786593426
14389 13541.1181651065
14390 13542.465998684
14391 13543.8015341769
14392 13544.5118330874
14393 13545.3898841281
14394 13545.6290110812
14395 13546.7961628158
14396 13547.3607246698
14397 13548.0649228339
14398 13549.1049233159
14399 13549.836617446
14400 13550.6416743577
14401 13551.5137974049
14402 13552.6705650599
14403 13553.3991125637
14404 13553.6179236911
14405 13555.495451336
14406 13555.6774234091
14407 13556.6121275956
14408 13557.2293237685
14409 13557.6837419176
14410 13558.8225605222
14411 13559.5411770501
14412 13560.4365151569
14413 13561.7083703269
14414 13562.5452723387
14415 13563.1821471311
14416 13564.0986374481
14417 13564.3595598522
14418 13565.2889867174
14419 13566.5295378425
14420 13566.9957913565
14421 13567.9092170757
14422 13568.7623401729
14423 13569.1858551688
14424 13570.2874610566
14425 13571.6892725277
14426 13572.1555334279
14427 13573.1108935001
14428 13573.5703773606
14429 13574.6928015347
14430 13575.3030571085
14431 13575.7761665991
14432 13576.7264294516
14433 13577.3240485545
14434 13579.0636073978
14435 13579.5511140287
14436 13580.1798738399
14437 13581.1284008134
14438 13581.9888255476
14439 13582.5552568382
14440 13583.6359214188
14441 13584.386578458
14442 13585.1624073619
14443 13585.563759078
14444 13586.9224096221
14445 13587.0313212937
14446 13588.4396591346
14447 13589.4701777734
14448 13590.3532601109
14449 13591.1787751394
14450 13591.8657064543
14451 13592.2338229879
14452 13592.9696162029
14453 13593.9987817239
14454 13595.0844834557
14455 13595.6903285172
14456 13596.2278019923
14457 13597.7002708009
14458 13598.3648839902
14459 13599.1302789266
14460 13599.7124879154
14461 13600.921680797
14462 13601.5851734869
14463 13602.6018619872
14464 13602.7985316241
14465 13603.9533857008
14466 13604.2001951474
14467 13605.291782459
14468 13606.7390994658
14469 13607.5380982313
14470 13608.3404048482
14471 13608.8206198202
14472 13609.5293568738
14473 13610.8446773101
14474 13611.0759099827
14475 13611.7580815109
14476 13613.0499031542
14477 13613.7872801078
14478 13614.3849048931
14479 13615.4451731474
14480 13616.0052588188
14481 13617.3001072036
14482 13618.2161933629
14483 13618.8948202906
14484 13619.4044133332
14485 13620.2245948914
14486 13621.1451061103
14487 13621.6696065471
14488 13622.3154204725
14489 13623.6760870001
14490 13624.355536012
14491 13625.6272528239
14492 13626.2950828833
14493 13626.9049396613
14494 13627.5010445572
14495 13628.3217401629
14496 13629.4506825225
14497 13630.3638526266
14498 13630.8770841661
14499 13631.3859429625
14500 13632.2147795072
14501 13633.4656757696
14502 13634.3442909294
14503 13635.2552224203
14504 13635.9763734844
14505 13637.0384928664
14506 13637.7071516666
14507 13637.8764930497
14508 13639.0373646797
14509 13639.5414212073
14510 13640.7468789445
14511 13641.4691776259
14512 13642.6723143149
14513 13643.2340168771
14514 13644.01014705
14515 13644.9969999166
14516 13645.6618867586
14517 13646.7623460404
14518 13647.2383819694
14519 13648.0398162072
14520 13648.8000430513
14521 13649.8826063396
14522 13650.1094786924
14523 13650.916382221
14524 13652.8351172339
14525 13653.4767110411
14526 13653.7621027403
14527 13654.7133377328
14528 13655.5902747211
14529 13655.9255139897
14530 13657.1273251209
14531 13657.9415485089
14532 13658.470557266
14533 13659.5992231254
14534 13660.2500938926
14535 13661.3547235259
14536 13662.0670964877
14537 13662.9377043021
14538 13663.6925662482
14539 13664.7761335075
14540 13665.4955368526
14541 13665.9808439299
14542 13666.7159843172
14543 13667.1629990018
14544 13668.5076923733
14545 13669.3883334834
14546 13670.5771985007
14547 13670.9834704437
14548 13672.1623853685
14549 13672.798654477
14550 13673.300528062
14551 13674.028043195
14552 13675.1796969788
14553 13675.9494695783
14554 13676.7631836373
14555 13677.3280355287
14556 13678.0244778326
14557 13679.3334600984
14558 13679.9640843389
14559 13681.3727522867
14560 13681.9805302435
14561 13682.2347140751
14562 13683.2290324831
14563 13684.0817793145
14564 13684.7580857663
14565 13685.4336619077
14566 13686.2486895251
14567 13687.4308080191
14568 13688.5678199243
14569 13689.3005715908
14570 13689.6855610733
14571 13690.3917112077
14572 13691.68675375
14573 13692.5287986962
14574 13692.919057114
14575 13693.8339504591
14576 13694.6878394972
14577 13695.1865521025
14578 13696.0621364868
14579 13697.2932118805
14580 13698.1795675051
14581 13699.1980731156
14582 13699.7686433229
14583 13700.5703038658
14584 13701.1382092894
14585 13702.0660906365
14586 13702.3154120693
14587 13703.8442508059
14588 13704.5972656806
14589 13705.2075881547
14590 13705.9735345348
14591 13707.3734487139
14592 13707.7612980497
14593 13708.847724699
14594 13709.2701572868
14595 13710.5198417187
14596 13711.1191094145
14597 13711.9093758847
14598 13712.327507936
14599 13713.2658015776
14600 13713.8761727977
14601 13715.6565379962
14602 13716.087378327
14603 13717.1849902233
14604 13717.5869113508
14605 13718.3180912322
14606 13719.2153702064
14607 13719.9029140394
14608 13721.1051773646
14609 13721.4655046558
14610 13722.1784914854
14611 13723.4767173082
14612 13724.1779580608
14613 13724.6946076099
14614 13725.9508255817
14615 13726.9293893887
14616 13727.6666844485
14617 13728.4054121622
14618 13728.8712561831
14619 13729.4674249847
14620 13730.7560958322
14621 13731.1072839094
14622 13732.1136304006
14623 13733.3689714276
14624 13734.2200973363
14625 13734.9000004299
14626 13735.6292134441
14627 13736.5196239566
14628 13736.9594124818
14629 13738.0162490688
14630 13739.1128015527
14631 13739.6684390247
14632 13740.1707588399
14633 13741.0440462113
14634 13741.7535102784
14635 13743.4414668191
14636 13743.9996874856
14637 13744.579490707
14638 13745.5855311641
14639 13746.225342092
14640 13747.2343520764
14641 13747.4594496283
14642 13748.2226354427
14643 13749.4132786017
14644 13750.3751950297
14645 13751.097852802
14646 13752.0633887913
14647 13752.9785267052
14648 13753.314643138
14649 13754.5336212931
14650 13755.3822705909
14651 13756.2816845307
14652 13756.4719090139
14653 13757.7139883067
14654 13758.062443803
14655 13759.0827013221
14656 13759.9058147665
14657 13760.9836721088
14658 13762.3229969399
14659 13762.7981554376
14660 13763.4959704859
14661 13763.860985887
14662 13764.7634398448
14663 13765.9620296209
14664 13766.4031451335
14665 13767.6379462412
14666 13767.883589992
14667 13768.9586163963
14668 13770.1057930856
14669 13770.8045635101
14670 13771.440396601
14671 13772.6808088427
14672 13773.42424069
14673 13773.7644809094
14674 13775.0977035839
14675 13775.3508177895
14676 13775.9527418628
14677 13776.8192816689
14678 13778.2692900316
14679 13779.3426854706
14680 13779.6954724847
14681 13780.5017229726
14682 13781.5733190341
14683 13782.1161106737
14684 13782.8049717186
14685 13783.796303647
14686 13784.4204057031
14687 13785.7259380737
14688 13785.9301378133
14689 13786.7002406418
14690 13787.7668702366
14691 13788.8656772653
14692 13789.9607028574
14693 13790.3966532442
14694 13791.2763158609
14695 13792.0077036951
14696 13792.4912275374
14697 13793.2986597299
14698 13794.351286801
14699 13795.0567163253
14700 13795.7930318784
14701 13797.3131095658
14702 13797.7334802236
14703 13798.6476679327
14704 13799.2827774041
14705 13799.7985905058
14706 13801.2879788347
14707 13802.0221335583
14708 13802.3810926917
14709 13803.032438965
14710 13803.930709599
14711 13804.8799940782
14712 13805.6965730553
14713 13807.1017176474
14714 13807.6660359376
14715 13808.3799320893
14716 13809.280031634
14717 13809.9291378091
14718 13810.4192280011
14719 13811.3192447748
14720 13812.259715226
14721 13813.1804743684
14722 13813.9634288414
14723 13814.9641161519
14724 13815.4028904978
14725 13816.5541506777
14726 13817.6242234362
14727 13818.1281847969
14728 13818.8820791968
14729 13819.7168407113
14730 13820.5545941321
14731 13821.2015388446
14732 13821.955707852
14733 13822.3239714561
14734 13824.1318511312
14735 13824.890855496
14736 13825.871513978
14737 13826.116436137
14738 13827.0436190746
14739 13827.7606998559
14740 13828.6262804667
14741 13829.484937367
14742 13830.3692428818
14743 13831.0873252648
14744 13831.5145426867
14745 13832.8334209808
14746 13833.8083415178
14747 13834.2832800844
14748 13835.3588873117
14749 13836.5035513515
14750 13837.0440755479
14751 13837.5171635027
14752 13838.2019257291
14753 13839.0892600686
14754 13839.7277836614
14755 13841.174410426
14756 13841.5959079569
14757 13842.698734526
14758 13843.8725961967
14759 13844.2465045076
14760 13844.7102404196
14761 13846.0761266046
14762 13846.4387994359
14763 13847.6498801451
14764 13848.1623469956
14765 13849.0085975163
14766 13849.8309152183
14767 13850.1348641665
14768 13851.7287801805
14769 13852.8676512668
14770 13853.357445221
14771 13854.2765571476
14772 13854.4718208002
14773 13855.7229515869
14774 13856.3426451221
14775 13857.1074936051
14776 13857.6414413864
14777 13858.9367097215
14778 13859.8065158648
14779 13860.7751735661
14780 13861.2408037241
14781 13862.1484498854
14782 13863.0629292099
14783 13863.9899085425
14784 13864.6740955583
14785 13865.5665575522
14786 13865.9759155888
14787 13866.7343203784
14788 13867.6741210242
14789 13868.4140900781
14790 13869.7999349931
14791 13870.5326801007
14792 13871.3226122869
14793 13872.2768289137
14794 13872.749950063
14795 13873.4180069604
14796 13873.881056504
14797 13875.6418015408
14798 13875.913238827
14799 13876.5744957474
14800 13877.491214067
14801 13878.4527005522
14802 13879.5826039222
14803 13880.0581182357
14804 13881.2413464306
14805 13881.702378931
14806 13882.8001791583
14807 13883.3960137708
14808 13883.9194847717
14809 13884.6786625542
14810 13885.5912412104
14811 13886.3440643157
14812 13888.0860422526
14813 13888.4650771899
14814 13889.0375080558
14815 13889.8830075696
14816 13890.6867219602
14817 13891.5731869938
14818 13892.4375365276
14819 13893.0427265743
14820 13893.7569520072
14821 13894.9119903211
14822 13895.3220231046
14823 13896.2762253269
14824 13897.1879412403
14825 13898.5598420241
14826 13899.1544616088
14827 13899.8486038462
14828 13900.3064598472
14829 13901.409397582
14830 13901.7784073712
14831 13902.6946449873
14832 13903.6981664516
14833 13904.556985239
14834 13905.438556278
14835 13906.348915856
14836 13907.3467106046
14837 13907.9740533003
14838 13908.2999790186
14839 13909.6712726279
14840 13910.3691762072
14841 13911.1951205014
14842 13912.0412410243
14843 13912.2660743484
14844 13912.9650640971
14845 13914.5736017147
14846 13915.5016002512
14847 13916.0767397959
14848 13917.1416225288
14849 13917.7471970039
14850 13918.3680063
14851 13919.185951839
14852 13919.8415523106
14853 13920.7225221311
14854 13921.6951609262
14855 13922.5627633374
14856 13923.2095730322
14857 13924.4650711215
14858 13924.7583763122
14859 13925.8501343477
14860 13926.9561951056
14861 13927.7563288544
14862 13928.0820609928
14863 13928.757986037
14864 13929.8937691209
14865 13930.5578924611
14866 13931.0250519029
14867 13932.1568128124
14868 13933.6635325889
14869 13934.2225783285
14870 13934.930667684
14871 13935.5218876714
14872 13936.1746048239
14873 13937.1949693753
14874 13938.032204997
14875 13938.8782824021
14876 13939.6436842054
14877 13940.0751697999
14878 13941.2816721173
14879 13941.9790286757
14880 13943.1757017327
14881 13944.0838715613
14882 13944.4120035158
14883 13945.6747587053
14884 13946.3596671867
14885 13946.8152770209
14886 13947.4910282268
14887 13948.1524104842
14888 13949.4112067109
14889 13950.4942397356
14890 13951.0854094686
14891 13952.1842884084
14892 13952.5565151708
14893 13953.9012473433
14894 13954.1988309046
14895 13954.9216984077
14896 13956.2589050624
14897 13956.7163086498
14898 13957.4549320378
14899 13958.1055831412
14900 13959.1110248898
14901 13959.7467813841
14902 13961.4032761465
14903 13961.9078162987
14904 13962.7004798917
14905 13963.4332991603
14906 13963.8353870049
14907 13964.7806777829
14908 13965.6669155313
14909 13966.4919574373
14910 13967.1938876354
14911 13967.9857290857
14912 13969.4687032521
14913 13969.9419693437
14914 13970.4715721383
14915 13971.3850504245
14916 13972.5436690551
14917 13973.3309957822
14918 13973.883258278
14919 13974.615602682
14920 13975.2368544128
14921 13976.1754355852
14922 13976.7182464216
14923 13978.2774462821
14924 13978.9892534097
14925 13979.8990091205
14926 13980.4902802726
14927 13981.4027113489
14928 13981.9124795602
14929 13982.7476167131
14930 13983.4061588129
14931 13984.5299626539
14932 13985.5015189582
14933 13986.0599263306
14934 13986.4419269127
14935 13987.9914570695
14936 13988.737164129
14937 13989.5472705154
14938 13990.5149433001
14939 13990.9072688258
14940 13991.8911492205
14941 13992.6130543356
14942 13993.3690454675
14943 13993.7015958587
14944 13994.8913157484
14945 13996.2482444974
14946 13996.8411273761
14947 13998.0098418231
14948 13998.2594181769
14949 13999.1016085109
14950 13999.7332382832
14951 14001.2287257304
14952 14001.5492491294
14953 14002.2157065145
14954 14003.1022174601
14955 14003.8140212696
14956 14004.8186016215
14957 14005.7791649424
14958 14006.467649553
14959 14007.8649003517
14960 14008.4160565634
14961 14008.85877369
14962 14009.8414520224
14963 14010.1372258017
14964 14011.1507126416
14965 14012.3484613152
14966 14012.6752601315
14967 14014.0161762593
14968 14014.7602907432
14969 14015.5477143419
14970 14016.4455179087
14971 14017.0590893091
14972 14018.0443143584
14973 14018.6478989844
14974 14019.6882917123
14975 14020.4200695448
14976 14020.914730706
14977 14021.7166092865
14978 14022.2856037531
14979 14024.0006365878
14980 14025.0374415421
14981 14025.3498190618
14982 14025.8114014963
14983 14027.1230252943
14984 14027.7757078917
14985 14028.1262823855
14986 14029.1359766837
14987 14030.2404113156
14988 14030.7022777387
14989 14031.8199209688
14990 14032.6806500837
14991 14033.3311888612
14992 14034.2674409273
14993 14035.1970340173
14994 14036.1230979503
14995 14036.7439962765
14996 14037.5375223143
14997 14038.0185526302
14998 14038.6566919323
14999 14039.9195076099
15000 14040.4598770729
