14.1347251417346937904572519836
21.0220396387715549926284795939
25.0108575801456887632137909926
30.4248761258595132103118975306
32.9350615877391896906623689641
37.5861781588256712572177634807
40.9187190121474951873981269146
43.3270732809149995194961221654
48.0051508811671597279424727494
49.7738324776723021819167846786
52.9703214777144606441472966089
56.4462476970633948043677594767
59.347044002602353079653648675
60.8317785246098098442599018245
65.1125440480816066608750542532
67.0798105294941737144788288965
69.5464017111739792529268575266
72.0671576744819075825221079698
75.704690699083933168326916762
77.1448400688748053726826648563
79.3373750202493679227635928771
82.9103808540860301831648374948
84.7354929805170501057353112068
87.4252746131252294065316678509
88.8091112076344654236823480795
92.4918992705584842962597252418
94.6513440405198869665979258152
95.8706342282453097587410292192
98.8311942181936922333244201386
101.31785100573139122878544794
103.725538040478339416398408109
105.446623052326094493670832414
107.168611184276407515123351963
111.02953554316967452465645031
111.874659176992637085612078717
114.320220915452712765890937276
116.226680320857554382160804312
118.790782865976217322979139703
121.37012500242064591894553297
122.946829293552588200817460331
124.256818554345767184732007966
127.516683879596495124279323767
129.578704199956050985768033906
131.087688530932656723566372461
133.497737202997586450130492043
134.756509753373871331326064157
138.11604205453344320019155519
139.736208952121388950450046523
141.123707404021123761940353818
143.111845807620632739405123869
146.000982486765518547402507596
147.42276534255960204952118501
150.053520420784880351432467237
150.925257612241466761852524678
153.024693811198896198256544255
156.11290929423786756975018931
157.597591817594059887530503159
158.849988171420498724174994776
161.188964137596027519437344129
163.030709687181987243311039001
165.537069187900418830038919355
167.184439978174513440957756246
169.094515415568821489505871181
169.911976479411698966699843596
173.411536519591552959846118649
174.754191523365725813378762456
176.441434297710418888892641058
178.377407776099977285830935414
179.916484020256996139340036612
182.207078484366461915407037227
184.874467848387508800960646617
185.598783677707471466527704268
187.228922583501851991641540586
189.4161586560169370848522891
192.026656360713786547283631426
193.079726603845704047402205794
195.265396679529235321463187815
196.876481840958316948622263915
198.015309676251912424919918702
201.264751943703788733016133428
202.493594514140534277686660638
204.189671803104554330716438386
205.394697202163286025212379391
207.906258887806209861501967908
209.57650971685625985283564429
211.690862595365307563907486731
213.347919359712666190639122021
214.547044783491423222944201073
216.169538508263700265869563354
219.06759634902137898567725659
220.714918839314003369115592634
221.430705554693338732097475119
224.007000254604335211728875528
224.983324669582287503782523681
227.421444279679291310461436161
229.337413305525348107760083306
231.25018870049916477380618677
231.987235253180248603771668539
233.693404178908300640704494733
236.524229665816205802475507956
237.769820480925204003236625926
239.555477573327628740268932034
241.04915779621658641283792141
242.823271934222600016826474459
244.07089849707815823681652799
247.136990074897499467550968179
248.101990060148459256762142085
249.573689644707209192329794189
251.014947795016001142954155104
253.069986747999477194599013786
255.306256454914022753086491794
256.38071369443447778935838234
258.610439491531368208983058645
259.874406989678000350672844614
260.805084504596870185931233472
263.573893904870132233081588131
265.557851838876320292477308964
266.614973781501072495720112974
267.921915082824059440378967172
269.970449023997602594693505319
271.494055641644999018179416758
273.459609188403287045714250299
275.587492649343841248740702619
276.452049503132938679887343638
278.250743529841954492748276711
279.229250927745189228409880452
282.465114765052096233027201186
283.211185733233867420493837943
284.835963980904724133157633923
286.667445363002884292847624146
287.911920501422187155254120272
289.579854929218834152738023569
291.846291329067395835513054425
293.558434139356285356776697106
294.965369619265542175066448639
295.573254878958292388460831459
297.979277061943415209929682958
299.840326053721312960027052525
301.649325462194183623470100208
302.696749589606917051751477095
304.864371340857297700148749903
305.728912602036809289222821262
307.2194961281700547894100334
310.109463146701898804786219768
311.1651415303560032709426708
312.427801180600891980485983093
313.985285731158922979048965755
315.475616089475733868596078144
317.734805942370180395645494205
318.853104256316597906689184548
321.160134309113578291921471417
322.144558672482932298837445006
323.466969557512050506212030415
324.862866051739613264980086995
327.443901261905457343469263816
329.033071680480934033614727577
329.953239728233866343892122189
331.474467582663424375661753866
333.645378524869850584961683081
334.211354833244383232403407959
336.841850428390684794654762919
338.339992850806611886257326087
339.858216725363540192326550931
341.042261111046560482597784599
342.054877510363585451403825094
344.661702940252337044181188098
346.347870566009947395936459816
347.272677584420484475797094888
349.316260870696144123155555734
350.408419349192099187671953234
351.878649025359280436713393077
353.488900488718806783603768609
356.017574977264947317960361961
357.151302252039624809602928232
357.952685101632273755128918983
359.743754953114448799291985977
361.289361695804650390291311228
363.331330578973834747334449567
364.736024114088993716262102127
366.212710288331316861077145197
367.993575481740303326183298044
368.9684380957343898915769013
370.050919212106000339651163061
373.061928372112838449119396431
373.864873910908569744756362734
375.825912766739334107907714147
376.324092230668052117190819612
378.436680249965479724090965913
379.87297534653234665102405969
381.484468617186524919662522424
383.443529449536487704345755481
384.956116814863687103751584209
385.86130084597422918056195936
387.222890222387980975948514738
388.8461283542322546008094203
391.456083563638045770578228123
392.245083339519096749015184171
393.42774384443402593669895292
395.582870010993720970877711323
396.381854222592186931999454492
397.918736209614243386981179711
399.985119876194899505917299868
401.839228600533216539911304378
402.861917763886114176315443096
404.236441800208004740227799564
405.134387459909927257486268025
407.581460386896182076309001181
408.947245502351112519634039764
410.513869193366638646769105285
411.972267804278750664640298507
413.262736070185046886257059318
415.018809755155115646319211463
415.455214996294598857128782487
418.3877057895347792260457231
419.861364818152323687852309138
420.643827625041786267974652985
422.076710058826759629840665449
423.716579627481818610562874732
425.069882494461347614374692649
427.208825084074580528142933886
428.127914076616682110305068486
430.328745430938636669926981542
431.301306930703592019505121928
432.138641734588568306253249109
433.889218480927225302946611051
436.161006432646984071801518262
437.581698167668581154013167233
438.621738656272196290915010137
439.918442214370656410221790027
441.683199201189023874204436499
442.904546302609449469723102413
444.31933627755915592030574354
446.860622696429522528860875181
447.441704194493290065526925304
449.148545685023304753023503135
450.126945780313524030045762529
451.403308445388795462113224631
453.986737806677916038366810294
454.974683768616788875309438951
456.328426689246051224499830063
457.903893064102971574699329172
459.513415281106011754009943802
460.087944422175841255330255428
462.065367274882530963830921146
464.057286910548284576246084784
465.671539211371094552966645744
466.570286930826255167392125952
467.439046210261638856645001384
469.536004559112032191819068829
470.773655478101647690118879454
472.799174661908816658297992682
473.835232345139687073805468023
475.600339369375785605428819924
476.769015237484520852848689195
478.075263766670969199872727405
478.942181534634826538317101767
481.830339376286561366681376285
482.834782790982397306556996676
483.851427212482537560188221085
485.539148129356006930025423658
486.52871826165124435236752627
488.380567090017448527111430665
489.661761577956131512780904175
491.398821593663006569213331009
493.314441581785300936360604043
493.957997805369464909583091287
495.358828822131277496834132737
496.429696215759103483918912816
498.580782429686542016675082912
500.309084941690495539309390725
501.604446965145477663332545763
502.276270327118233175399507334
504.499773313427737183791262228
505.415231742244442029552166109
506.464152709523531221526074781
508.800700336467820809469672508
510.264227943672834420779517655
511.562289700374595460454904487
512.623144531407418667101254943
513.668985555473683436244146418
515.435057167299377249676893673
517.589668572467425341357965287
518.234223147550143573858274373
520.106310411723255903196146134
521.525193449492040967732398163
522.456696177730210430144413322
523.960530892015840487007509481
525.07738568727962218059121763
527.903641601272345229617268071
528.406213852292658941608896647
529.806226318706900798163983302
530.866917883961089644387434515
532.688183028293730505126445569
533.779630753768732565482546023
535.664314075873224617046123182
537.069759083122327588389737754
538.42852617624796284350095524
540.21316637622813338364566899
540.631390247295117360128077599
541.847437121201281547119113509
544.323890101005262903121308756
545.636833248934818254855439794
547.010912058122292463655881793
547.931613364489338310451159426
549.49756756266137845998473388
550.970010039483889045657234057
552.049572200564892792576702546
553.764972119158814617149782592
555.792020561682508416573221485
556.899476406855351261964218656
557.564659172058528408523989874
559.31623702868216376093514224
560.240807497295668241793276359
562.559207616045851108137916695
564.1608791107861178138795335
564.506055938149835122245968939
566.698787682807956241512280667
567.731757901176937450334730494
568.923955179629368496753487417
570.051114782463592038527016601
572.419984132452764045276927107
573.61461052675812998724603211
575.093886014494885607457172282
575.807247140928780709429332894
577.039003472098211216637089688
579.098834672036607431284364329
580.136959362384628672716276348
581.946576265901625551506114545
583.23608821916727826196057365
584.561705903465528366945893393
585.984563204988300574187258986
586.742771891250155644771845087
588.13966326624795641755423527
590.66039751676527563103200331
591.725858065048056649222446473
592.57135830022556982077271612
593.974714682231029243805174509
595.728153697388949177020920733
596.36276832839368408957909707
598.493077346164754401063582936
599.545640364364853997515395144
601.602136735932636051738107596
602.579167886387354298822724543
603.625618903579160672243966858
604.616218493753232914639602789
606.38346042210904108867431124
608.413217311187325175126723757
609.389575154720080527323879548
610.839162937739406926702537768
611.774209620887204635168361973
613.599778675637119405186456186
614.646237872232621525553083988
615.538563369407027853474265896
618.112831366442373382540227025
619.184482597953634249028146424
620.272893672227521919085572595
621.709294527948622957298633061
622.375002739779009217881543779
624.269900018177880834772947039
626.019283427654382198336217406
627.268396850783020751997645596
628.325862359460361935943815665
630.473887438292045870606586776
630.805780927197532641871725248
632.22514116711595195215470593
633.546858252251777484197133459
635.523800310605453810525581751
637.397193159837307173748074288
637.925513980822581093428839716
638.927938266856770193772690921
640.694794668825667623187538499
641.945499665705294545378538553
643.278883781397889361143362803
644.990578229748002512443712325
646.348191595501592033880941622
647.761753004288883793766808952
648.786400888782440771080133769
650.197519345256459083253897592
650.668683891395982530560633055
653.649571605394691902086864959
654.301920586319342275470616323
655.70946302235563631602674275
656.964084599460617422869896586
658.175614418605399744879807909
659.663845972964107831165182146
660.716732595279270052158881252
662.296586431100410644378266392
664.244604652273013449890257261
665.342763095599040542788169792
666.515147704172960548775095819
667.148494894555429941069213275
668.975848820235131406192279662
670.323585205862584034429553317
672.458183584169734181365086335
673.043578286147645770131040651
674.355897810123167896156320106
676.139674363626748203178135714
677.23018066876397324785479957
677.800444746221334918938757393
679.742197882528217719525938911
681.894991533151889109452411081
682.602735019750545487540836645
684.013549813869505236194127959
684.972629862098452545736661738
686.163223587727949603473006711
687.96154318470364848279633749
689.368941362272368423255192825
690.474735032350397693943089454
692.451684415520848849846652365
693.176970060601824845623097508
694.533908699873140015630704542
695.726335920926730167801428228
696.62606990034561497090281852
699.132095476013506710816169588
700.296739132143494568012149844
701.301742954646155685173914039
702.22734314576050011943531981
704.033839295525309322653072296
705.125813954619227666867479439
706.184654799517919025810985016
708.26907088510989999526902864
709.229588570284300709034693304
711.13027417968543156547485639
711.900289914375312038915079053
712.749383470101290254610574367
714.082771820669393076924527166
716.112396454052110148182026476
717.482569703100190714441897579
718.742786545485893988449182685
719.697100988365665132690960898
721.351162218536417128386158696
722.27750497567423734037614366
723.845821045128415511671922404
724.562613890379079592246216771
727.056403230049381617648405278
728.405481588934060034744355233
728.758749795614268566130632273
730.416482122756434709944039354
731.41735491859852508074935696
732.818052714499849208567526888
734.789643252377994252312510003
735.765459208578321076932188805
737.052928912265308042310540877
738.580421171373822521705448092
739.909523674041944029700959388
740.573807447295010515035971597
741.757335572941673275861162003
743.895013142473659381550149198
745.344989550611874325640548484
746.499305899432329509605006619
747.674563624269528359569367873
748.242754465084547868503294699
750.65595036212429986680743837
750.966381066650837268458419695
752.887621567202374749507705003
754.322370471712672685103086251
755.83930897603782987279244037
756.768248439950930720133210235
758.101729246412583411489768291
758.900238224892374767435392905
760.282366983512064531869600862
762.700033249691054728068999909
763.593066172837222996973247173
764.307522724180221736251225826
766.087540099836205394422464827
767.218472155539514082499410162
768.281461806509230823456665026
769.69340725262442432500665491
771.070839313678316321187221916
772.961617565757024337829165945
774.117744627940507402141909397
775.047847096580508050016992969
775.999711963171442477731582603
777.299748529592564816510977063
779.157076949189004063924537742
780.348925004181670538127783551
782.137664390812094754317687328
782.597943946073539866166505744
784.288822612465501463146099666
785.739089700715051840646187769
786.461147450506277459896787497
787.468463815910038381473499623
790.059092364119564294946003255
790.831620467921035019082931395
792.427707608604526866391070189
792.888652562622588042242753206
794.483791869893164481318375277
795.606596156162412627912558048
797.263470038035584916191704577
798.707570166296211309691953422
799.654336210897632772826890664
801.604246462982055966676616142
802.541984878418149662417141059
803.243096204270194190226229054
804.762239112661763951595783963
805.861635667094802836803191543
808.151814935993747392355858581
809.197783363300710387719604795
810.081804886407099891524729901
811.184358846506260337884327465
812.771108389109342719801288662
814.045913607510993501967600781
814.870539625872567784019686957
816.727737714394716316502574838
818.380668866361676511586775026
819.204642170823862605824038846
820.721898443869287466431021824
821.713454133379401809876034465
822.197757493404277143581855586
824.526293871629748163766484928
826.039287376574383548014163533
826.905810954080771979664450913
828.340174300489900370504215076
829.437010968309333623047591492
830.895884053317400730078617611
831.799777659070583074324608373
833.003640909154199538311254208
834.651915147825575807345339876
836.693576187591867168870340759
837.347335059531514767486416316
838.249021992732145836547095912
839.4653948102824755503103022
841.036389829013423724411484718
842.0413542065263713333676992
844.166196607350768821346101126
844.80599397576372688128477665
846.19476992769399776366251854
847.971717639512006636327584785
848.489281180943523824886730335
849.862274348697826264344714708
850.645448466004092378242048188
853.163112583389155325839472071
854.095511719869058620018221632
855.286710244404936348228437571
856.484117490791662854034924902
857.310740602603826032964229956
858.904026466475694412829573721
860.410670896014670751594140146
861.171098212715337605975110401
863.189719771908934236110130066
864.340823930069540855687499765
865.594664326515965395106877075
866.423739904042641462979588658
867.693122611785006238768527107
868.670494229131596667838274575
870.846902325754016205795275454
872.188750821613207755873228082
873.098978971281981498325402957
873.908389235337530439629985772
875.985285108780322374392441197
876.600825833027442397243130019
877.654698341033475144022093138
879.380951969790982456461800072
880.834648847939390283032287252
882.386696627196461252384650433
883.430331838701645684568337436
884.198743114594726960384279154
885.272304479617127051198086101
886.852801962916298372033329947
888.475566673817194773726388749
889.735294294090737097412188143
890.813132112528063686195924307
892.386433260155869341740999279
893.119117567294258336175542937
894.886292320868716142192903603
895.397919674782965055396859395
896.632251556202720033526586721
899.22152266838341939009564394
899.858884607937483444265855312
900.849739860521396117824641246
902.243207586752288461640447842
903.099674442630454946665046381
904.702902722281320774324091426
905.82994075822220940483941073
907.656729468967525311556713509
908.333543645060925280708196675
910.186334057179842565352551679
911.234951485955504092597501287
912.331045600035587248807167172
912.823999246743395377992216659
914.730096958375613338375239214
916.355000808642765891420842948
917.825377570426783026483964334
918.836535243529029571248982619
919.448344439682304781765129352
921.156395507154853367399405219
922.500629306636770266245329088
923.285719802422242673943102553
924.773483933476664416246455765
926.551552784603028941592375054
927.850858985753594147870961588
928.663659328934892288756290358
929.874092850647754777106067498
931.009211336628072954276166765
931.852740745520079921686342351
934.385306837258464754414541193
934.995424863846459617609737645
936.228649379282927213718663914
937.532925711970381272916233886
939.024300899218382184218418709
939.660940614528165985600754475
941.156999642042372607770996944
942.052341643375497874389945635
944.188035809572744511978501615
945.333562503045946141542238921
946.765842204727851156732167218
947.079183096254877965119474543
948.346646255044967166605085994
950.151612684643840864746810351
951.033248733823509974499410476
952.727988619850626084667521324
954.129719269551415336758009414
954.829308938216637119513762838
956.675479343289796023142032133
957.510052596423722467728769117
958.414593390136180970003999467
959.459168807068112560999609039
961.669572474192753342668657503
963.182086671311446997132189972
963.567040191612270671862099519
965.055579623751116224926694815
966.110754818410204018724621286
967.371153766262854315164778204
968.636301906087326408089905498
970.125610556941175479215119589
971.071491486385727940251034561
973.185361294301194221649096958
973.873078992653597194232563465
974.774635065837429875303154847
976.178502420589609344187798159
976.917202117050622021417267172
978.76667153511297445402300674
980.578000639774418061338952502
981.288615301758969459364434347
982.396485168778978401410221872
983.575076006431328755533113443
985.186928655773435769528565149
986.130515110184526649373988219
986.756008407656035621777839118
988.992622370657406607366183667
990.223917804027972362978130576
991.37429414776150543186343326
992.728696336732659443627396933
993.214580957442953707523071121
994.404590571094491900027805466
996.205336164298286483527981449
997.511934751939229211029840075
998.827547136929633130519615447
999.791571557412940463163147158
1001.34948263778273712210330965
1002.40430548839171130815932757
1003.2678081794532482575282019
1004.67504412117289422613334687
1005.5434203043783641966110481
1008.00670430706364619813982013
1008.79570990074228234577255711
1009.80659074696462945728193575
1010.56975701106107589856651569
1012.41004251576159684285326184
1013.05863809840898507265263765
1014.68963262237040468814643795
1016.06017894264737813028979489
1017.26640236435540666971486198
1018.60557251862015495098356757
1019.9124397439440383616715167
1020.91747501726367831614708449
1021.54434449990465190712408497
1022.88527091171634782599966343
1025.26572419772769636662831178
1025.70794437146288923772770125
1027.46769351558777027339742302
1028.12896425549751787766953177
1029.2272974439613667311287036
1030.89736879059652356072655574
1031.83318029740776254122422423
1032.81288303515885146065144096
1034.61291552952081006617434065
1036.19591735805474025398292789
1037.02470764628174975057726398
1038.08775224061883643734694234
1039.0774014368966887266795988
1040.26403793769576083115292605
1041.62152801454227415471170843
1043.62395434962149387045009545
1044.51497582907876811460331337
1045.10704235297791139065039554
1047.08981748429478422111465052
1047.98714748960047113132159651
1048.95378519468596163305702454
1049.99628425659321975563019979
1051.57657184320519579557814932
1053.24578515838575762561052076
1054.78103947828134990679879295
1055.00214647568573620935338243
1056.68884736382822985752479065
1057.10004365961778360306108572
1059.13376910689714622942129969
1060.13951856160781909723899341
1061.50130446506842006312021183
1062.9153815078805636024533747
1064.07155107171854042528603049
1065.12185510629305547857982308
1066.46322346924298194377881913
1067.41886012096455805934517636
1067.99000007904262546773556431
1070.53504199682926280935309979
1071.61862321508953790472805548
1072.54399801112155534878281899
1073.5703531650937254377277086
1074.74777104431099857929421567
1076.26662559417740986500375024
1076.92405606575444688758536164
1078.64719848095636469429051482
1079.80996542925906921357166425
1081.17100234346780378506647948
1082.95274972306966866079199183
1083.29546651408560676834067986
1084.18326431043021614316384862
1085.64783120863934071202006656
1086.91199898982509311556569033
1088.755724674808801471697125
1089.79533792407477495842356921
1090.8631910262488607850089899
1091.72847296693682899939930519
1093.44087327236863468079558567
1094.28445752375415983633855919
1095.43308475866147868966748487
1096.40191779474252850214945542
1098.8410154666498617872947335
1099.3606671785717955946165118
1100.57446062246256321862442694
1101.83911116875601340501121435
1102.55177989991772274678594324
1103.7322971745469358475961101
1105.61718883076207151732080903
1106.77437167583277510091744772
1107.77453195501013693315167081
1109.15891885676645188780517506
1110.44414299361320580327302821
1111.44350476489989658741837278
1112.43299540807644458068791937
1113.39759511480199351361443357
1115.06535946156660567653023281
1116.78725388121452419063303991
1117.96591966919967094547758238
1118.68413486101839090387812254
1119.47324742617898290186144726
1121.15593767581056990537337073
1122.45862135688051225413285442
1123.10111738780920016666445553
1125.3147293978464700797989768
1125.76344242925255946644397201
1127.658023527215719230775274
1128.43022461389271137210602852
1129.72899677706556217508915556
1130.39159789623167083201090771
1131.49508556191704322228689235
1133.70862566945623585141027525
1134.88565459153319643062419834
1135.5622139754775459565220464
1136.92929348096952978546966731
1138.1515897798055407292335319
1138.99234182049363589385999202
1140.72184817190335975265532986
1141.26102296413675832998228157
1142.85865960785648111849879984
1144.78229951862534187706529086
1145.48532751711710680801728151
1146.57681492486695340605174448
1147.50177652331931609129983473
1148.61527720883401900376723304
1149.98260102810709766544881666
1151.56281472367321814938869658
1152.9431285305897959516386595
1153.89030371627126802658298271
1154.69751953538238291317121265
1156.62156783387254341057911542
1157.43231457561090633286525221
1158.00160902729496614508668711
1159.48065701902229730940483495
1161.39664463437809149848889052
1162.48752860200542780401768701
1163.70103168277861558764219651
1164.73758635122760993462021764
1165.27122770645769360553358793
1166.94361340952871267710595415
1168.08627161013879429793792812
1169.6983568848849061864685134
1170.46363857828366604121603016
1172.12068186569559984640074033
1173.30568776404835872704216186
1174.23276685645630265206436164
1175.21545239595077524703093295
1176.63287580978845863299382889
1177.10630442165614694900011926
1179.7012235019338980325839772
1180.65354378708438533087396984
1181.26731815168001895913297569
1182.58227034692039044004111928
1183.7127752959743153498903984
1185.1558428474657922830201409
1185.87535869535662001261908937
1187.34516149326730995554658374
1188.85644429822930678880615194
1189.96363649791844334374863711
1191.48260592641347086513337813
1192.21861147810154507789220557
1193.32402142745508027538966149
1193.85742713543699196594116618
1196.03467174867106223211153987
1197.07178665882196680447946665
1198.68656910463056647648701179
1199.35651370789396813188111093
1200.53269203121991431033825903
1201.81033485660604978646045853
1203.13735086142547945283349011
1203.85524759409700202700258881
1204.98549217146641071558655936
1206.87049979385306829213794583
1208.47145994953103146299915247
1208.98948416793902567665254469
1209.89803008754595575337847874
1211.4161158927981230604789832
1212.11315306631979262439428002
1213.59837268036821848513505294
1215.38997506504563426981377021
1216.18372203346741672377276524
1217.17448249773891903977191429
1219.05002817740616350927683057
1219.61447131085848431022171949
1220.81634769097813143068536174
1221.69224248314373321179252388
1222.95248409510835824256424265
1225.01833002416853919735175705
1225.85502076079571539666136687
1227.23182764149093192414616116
1227.9171416144000444059463491
1228.79315436298117176917903378
1230.58460315424927571950175884
1231.56227387764539816471817863
1232.52958704059789555103413755
1234.27781665343178804884422491
1235.50254852652099731871742691
1236.3990174657789958654443585
1237.97729851358114551342643554
1238.45723279566180711633342498
1239.49080714679575427770467538
1240.813471785216266891520206
1243.07807639802111888151951407
1243.53814652611425998047386858
1244.8514339669838585645816827
1245.65586618814782247880387458
1247.37256196985564391570417618
1248.06306105320819868514944996
1249.15988795300298334058331421
1250.67239727567811715508952789
1251.65983200427122118003758578
1253.6735778521071020183802618
1254.4313284217734493685167531
1255.40823064529073463838155483
1256.1812141984608660682557442
1257.54121941264411442682318818
1258.77923348859505319067135704
1260.34454831618551986817907055
1261.61171716147983990432525921
1262.55661400035622434255773502
1263.67673284386179333039961448
1264.957223006999789287695614
1266.1790377605620622428299996
1267.20034561184548922028994591
1267.57057177944022345864377837
1270.11892188649260392519117843
1271.1342996316099914002916819
1272.08395959933289742289564658
1273.26114463345575281372748972
1274.19622088948035882812245875
1275.09203031584045778167132742
1276.84217155556979468553518857
1277.76309198634682092060961851
1279.33284331670825139428523032
1280.15579440902293046659147724
1281.82872695969993392886498125
1283.00049138669967660770311494
1283.33503213887928060048255473
1284.85479515462165784043116094
1285.6950233311385927747749485
1287.41002661707531613167278664
1289.16535153277306148141311044
1290.10477151980733788952180903
1290.41770807304250366254360221
1291.94587096808319840045803791
1293.49398155741744506202044685
1294.11847437784835238610977798
1295.36536350535825025493217309
1296.80111099234729150219411387
1298.25652706788952943234922218
1299.40517125074397839831602346
1300.49001898244763839347094334
1301.49551668057505835635601837
1302.34674237924691792051325318
1303.27320022879414346915600753
1305.40167218800438466301231565
1306.50839331296883697173372083
1307.26724210780242709778415133
1308.98819651764338724210833508
1309.42153249325596667381081181
1311.05657051111189666393233577
1311.96694060804935486881097125
1313.03159936901966455244294615
1314.05256565172616619337346662
1316.21211260285404978029035368
1317.07298603482995500100838927
1318.17127913216505254858033713
1318.94788059656633833639128104
1319.93108287753647305203528017
1321.62813855191241805746592566
1322.25806712339115794519369843
1324.22497871884433091322919574
1325.23762435898233535349746518
1325.98196963044628122304204462
1327.63528110845744964035174073
1329.04351799651860123981185242
1329.20501878548363484761847414
1330.42993712045926318266079102
1331.82759138528521752354233076
1333.6735226102849332709758717
1334.74732905168977653033947812
1335.69497452600206658901528424
1336.69018465338587105353524108
1337.68879180966994960314843996
1338.92316459867034982898196931
1340.42640045730017578973402244
1341.16627225292638707193512837
1342.60850788377686132750037331
1344.15604400359579099820432948
1345.47710626139871442740730106
1345.73141325541840775900672218
1347.5194717508999111072267333
1348.01723801873641009162403812
1349.08519401404765798073943801
1351.29620637409671800983768238
1352.21046515917553837944865969
1353.48333835826457655375617836
1353.88678197169622768423604691
1355.68059532063649188685750844
1356.60565570980795391967452197
1357.7717428285794640718014189
1358.46016039915902643735518917
1360.39314476219115231208975191
1361.39307471363968169889076293
1363.0223286032807568385427379
1363.8791907971344724379646984
1364.57658489675397264127974593
1365.49373355129524726543577403
1367.10409097000823087995515535
1368.33019330798589489487770209
1369.68694907734291660103374908
1370.97352276778364404592166902
1371.68655355282739112882953205
1373.20291456237338210329637027
1374.15479865864064562651979378
1375.30239234474890215482055482
1376.16177999361935203876481202
1377.17763364210462632248192584
1379.68328302861292638577157816
1380.14857844169240306392815198
1381.07397714920563487065655339
1382.34566297847367988774238944
1383.29759100794647490331675783
1384.44441584776008297339562919
1385.66377701119268643887391387
1387.32664766348953060569725014
1387.92145412711279702316850321
1389.56583179839393719500965546
1390.70549028642766512151462317
1391.8532004432697553845268907
1392.64402778854864825583102564
1393.43340174079366502641747108
1394.88418467568035447902947557
1396.54416312368250177024763695
1397.8346233213872242793153559
1398.83767520138586523391078162
1399.83947294120648146705398575
1400.42694629739429826105142502
1402.56434725006599381719111124
1402.97374764091920805049731876
1404.00629217052275712944072795
1405.66697505924687509225732525
1407.08514277643648684120386155
1408.13630749618955075476410922
1409.32068107983895724971118285
1410.02481072580222583308329943
1411.25705681570662386002423078
1411.96565346177300428449417742
1413.84314878856885299879760364
1415.58578479549535120899303854
1415.78158130328291008277203666
1417.10282293382261475562496433
1418.69696385245216567523305183
1419.42248094599568646598903808
1420.41652632375113603437525093
1421.85056718704865391070680755
1422.46131098750736649637944015
1424.46304566957902224679514276
1425.87346924499659107928981776
1426.64597968212003938019702486
1427.36567110942668202896084194
1428.59230587597876870586094121
1429.65047727619154576489758343
1431.21831367275165842236257711
1432.04974089331360072695586013
1433.82194073706516051313754043
1434.58494216826012396606873583
1435.69290738341927738395291581
1437.22672162380124868446335015
1438.00628484172240151835247317
1438.94955274688279897617881345
1439.6227930781639839739748187
1441.96098750486183618053903071
1442.91105958089685886787932396
1444.04193070636656224306610516
1445.07227845920104574406675691
1445.83008477971002078335623711
1447.22622709997579439221593495
1448.32385351572545351768440307
1449.48877128073125790287121753
1450.77356185829733008990675695
1451.83529799939338326424639501
1453.73759675710222625460874834
1454.22601126022627961802963747
1455.31209123981966835506172825
1456.16779760838725555804706686
1457.53900166841123043985285371
1458.39377736868724889735318505
1460.68827053541910388641749038
1461.24544334515995592993818394
1462.2661232657872595375505137
1463.28689119042754126305097994
1464.69690329787640996236145723
1465.88955761408526815905737124
1466.50562110788772336892329304
1467.70398958607101340182698264
1469.3476498782696457992910962
1470.96658912716496720042374306
1471.38876452710659451556852414
1473.02013232418571114372315442
1473.74564918574653347408735496
1474.20322156569887878562705247
1476.09212703824092070257003137
1477.43519114750011740500471172
1478.44139597341294858500826165
1479.75991870649007767539563264
1480.76687901798225767954340936
1481.96468420980230957573081675
1483.03295995807148065036194545
1484.14358088175540777491654195
1484.81788323120372657663466749
1486.17134902755713992837231048
1488.11633797622827052702722149
1489.25246694643012307202772965
1489.97089220467888575873426005
1490.67069381460326561071751214
1492.1800905440164114486222339
1493.33083542127021776064729239
1494.15536861368880374265417146
1495.76883297894173164026241324
1497.06550557171006370765760819
1497.74736093312115570256713453
1499.64082474661981972706287468
1500.35195151660316487726646497
1501.1193249221315867552671321
1502.34606329239906292465313162
1503.09093312668049336949866125
1505.26152965467191092665410428
1506.15298613811317931453248174
1507.40750516383032228023752546
1508.25303102954227530530018185
1509.28041936322324329015929342
1510.39179744647353803831146237
1511.92300545900211118846000733
1512.5897647054581278027984358
1513.58976553991867758675607951
1515.7083435868739298973392725
1516.4359897187584550054810802
1517.71980625413018678513647583
1518.41479148725369107049335143
1519.74100949390682086283023179
1520.27362222035615427004130795
1521.9019090654609113954278393
1523.4860471492588801365945505
1524.72489216062218698984160091
1525.2278372337918000714507193
1526.55231191038745683334307168
1528.04093042929757215972053533
1529.03445672870131062798713852
1529.36997536519452416559702992
1531.02074297022232257586675129
1532.22232693939206952877287341
1533.88697791320159209668297989
1535.04227747120666458529116779
1535.76950239524820432771860526
1536.62070182402987189828046906
1537.65106216794492246475431056
1539.30285485558322942784600581
1540.0302701395063689737232693
1541.74224876278900349358659462
1542.49652292276627960476880844
1544.11867005452028989536762
1544.83460822751948011020293624
1546.09119778631329788614480188
1547.29758112140690136800041526
1547.80656380185756781233225934
1548.87134817872537288392795167
1551.27384532640452656795709729
1552.00687283767006939682530056
1552.73610532980385513025502992
1554.1565191096577777888060998
1554.92128516499186974880205819
1556.16298749755275234574461445
1557.39450701769049098783215133
1558.33915285235196278638583499
1559.78115439071023525525928889
1560.87647577780945213994114051
1562.41015318019443968053605505
1563.38540095849553726791837144
1564.17794046043167482058990006
1564.91578826226013593022597588
1566.26641560155151673719578952
1567.62345071721810545666972196
1569.02247780437407452856095638
1570.50927786692083775015370202
1571.04538148553818505693590241
1571.84535208804533836538518768
1573.80656333027140383471293711
1574.23091542986377775537369478
1575.63815495201655170440131917
1576.16135236342437756132748931
1578.11882694578278607464076144
1579.5140550677406772480024411
1580.37208162547154937507056404
1581.36355177300182039300067172
1582.32948694414717625656925072
1583.39469343542174843318433771
1584.23484806637621051787171901
1586.29321075033777606559930595
1587.00434210704114982909481185
1588.16340402890479014803112151
1589.35794594955772777603093174
1590.83590432139410477130642608
1591.29388437357235623140626518
1592.63716703923491847343635073
1593.58480818886192633547088381
1594.44268965569052396191261583
1596.48449240965467524669892108
1597.7158959444231286463368815
1598.42079854967044974576222308
1599.61934895046280691098130906
1600.04804490340731111764076299
1601.91194622858219531904850985
1602.81540479372660251753598195
1603.65520299612407966840428614
1605.52164664662334870433301091
1606.29341812657422349851163557
1607.55690521198287954060089561
1608.8362953050100155482169017
1610.0032641900379443104707872
1610.25382316257448880756772546
1611.43714126955478041920185822
1613.07885545102742351352269447
1614.71062785216149173963742554
1615.5746087189720087599013719
1616.39839484158364417682912626
1617.73468484098520856099913022
1618.53751783197754752832146063
1619.9525012611288490533608751
1620.77431082138856241888470128
1622.09875169802296073455190818
1622.97776769947558004723446641
1625.02185665796278984985466343
1625.98702016362117224154975001
1626.39991931163555192049435976
1627.75544127631574495515558487
1628.71531685676323019198485979
1629.65866895494776146274903642
1631.19481455151575298285817143
1632.7981835707088169655530438
1633.5125168897372631580845335
1634.51682266206708070642422181
1635.71836632621379952557852577
1637.08919017337094587638890248
1637.99464358601275233201580361
1638.59965830421388269639694287
1639.82123572983019552137552343
1641.89981900850457703943007134
1642.48977982237807305734530682
1644.1520659597376791967270432
1644.71374577466788287616437079
1645.57376036276607858248662501
1646.62486659317889076582065379
1648.27059822253169780758265664
1649.11853540924012329228631702
1650.41698898304838114998408883
1651.73269334139598103699806797
1652.67106589960120708231896377
1654.20589675937116694308231996
1654.72665239332178638175218597
1655.82277567677176731820688453
1657.11423639976308235370685043
1657.56710117932144111289604114
1660.0199803379989454244689812
1660.86005683330081030149592428
1661.8368928840966883047233615
1662.37720254928008346724808874
1664.05726541811003061726108389
1664.96800448636508380697455842
1665.87764041448621233096135239
1667.24112505171127713938687829
1668.36822932740186265218985592
1669.66972845239920915001780064
1671.04718243330318197926395704
1671.98425933372627394243666561
1672.96337083078105659775826402
1673.68744533390525051107403954
1674.64846209700975479613742403
1676.36248632395047521675574866
1677.69122714152650361862363131
1678.63036809106365039349343079
1680.07794671680949443983499447
1680.50477011284705208056735624
1681.81232017426601336062716652
1683.27328926066677047046829845
1684.17165683706429157902855197
1684.55886325253724186138158114
1686.42112194783819759327693783
1688.08014269317658843674035323
1688.93386850978462405656211199
1689.70315425617978886581939398
1691.05155991689307594459340951
1691.5151928920351522991871606
1693.05302093019714686715289938
1694.0175646526078568668314635
1695.83255447418726551308807826
1696.65499743978565634897219997
1697.34251428656400934929460443
1699.22954718764301879287235203
1699.96681726686385856438838307
1700.82030324500623873343928871
1701.82555099704741723355391923
1702.92324976449051939932411535
1704.29141242667976028134375124
1706.25603243156037705548752039
1706.61566503502601247010519482
1707.91231249332451493929458815
1708.51211617840308825082682802
1709.78084229858048492340757271
1711.1376032585928412728607393
1712.15539765432236884319051048
1713.05534172751310962870682903
1714.71714525549453038090707343
1715.82528303982056783561920136
1716.76998371739490274436158167
1717.97448506615852815311625674
1718.95415249858375199612148313
1719.72446932183103511047689871
1720.49807094758653181045846908
1722.84466173991564882598683499
1723.53282263125987360100092336
1724.73395873765822491176844729
1725.63862801997383065335317997
1726.60570073988540446259742024
1728.16650676096542504057881031
1728.64448648037198839694939193
1730.02387254477914442256786336
1731.01419376185718178307516421
1732.43016985925683654202866344
1733.8408250214300134044031004
1735.17546602110109833987809045
1735.62471534287063232756369437
1736.30566273323798888738485838
1737.89388478692854828418361068
1738.7832375888160542614972016
1740.16911568014054858729399816
1741.77916780872725728936564666
1742.46768072078201019898559281
1743.4264368587216265215078411
1744.72151193769978977671600439
1746.09749859563269498108889797
1746.59545662712820557169766377
1747.7816955277524177479514266
1748.56398738108021682756547252
1750.8228184898391004969697144
1751.61779494625111483681831017
1752.51151114066593599336566735
1753.66135524313953815192008665
1754.76336987425287807445221038
1755.1696940681426851827236267
1757.04651846072310843276077056
1757.98407703281817999145268206
1759.24008564668189495716285746
1760.21516624276232418510782943
1761.85489993872807038009223835
1762.49768887066062163055422783
1763.7191214962870472636665294
1764.59147684909195835474575806
1765.40049399178383572780890165
1766.67624359947787354520107104
1768.29597113634138119862217537
1769.94095205163583833438923224
1770.2436773121973481926171394
1771.21294498354652672593530129
1772.32800036359135930765616966
1773.89491551070346181187951844
1774.66043099002359010767694999
1775.34198757374729102690567237
1777.25586022405798706298549615
1778.0417347622492981165578739
1779.55227080917896160680931448
1780.66522849299865723279802443
1781.35563772281956297196650524
1782.43906732002018145175201386
1783.0848295199464847114797162
1784.60794639661266486885045768
1786.34220117934252882132582922
1787.04927308681626639025660336
1788.21512347963282324764309435
1789.24217996368472014086351056
1790.44956236978354046551949331
1791.25440981879545014914777897
1792.61610273519818273594627788
1793.52539065240951482206323202
1794.17848200725559119875074212
1796.46514053743081375111425537
1797.3763356711367698556910752
1798.14706745807574692682276353
1799.23164720973740040006461418
1800.02472401973915456811822715
1801.30963694528799213107664614
1802.30128349145056985883596387
1803.79684381336595772524292277
1804.90416097481201544791025098
1806.28966701949778163501097457
1806.57839175096392558104889006
1808.71443186547489035650788326
1809.11927378828733309564676742
1810.10889298798580454681504217
1810.87371915885471565348264888
1812.42007700210551902684657368
1814.0241403476155134236171956
1814.97308236349584902590555963
1816.33861121967463728787766726
1816.75802336535085318443486485
1817.71060856334247264776360854
1819.26033409948825056402222509
1820.18788218681121918360083654
1821.30570836520390906031567356
1822.42767144030258692880785339
1823.76626589577328795629619611
1825.21367689301338335373307183
1825.91568361492840936547664432
1826.79545527149265555755867375
1828.2112704999731419339340549
1828.6210917580311407275730156
1829.83252970993970204580901332
1831.93637990181521081425771821
1832.98494024373155424765381005
1833.27323903273032152086105308
1834.7215597486084990261272626
1835.88375443769254856706162811
1836.82767251595748964081538372
1838.08694330564455343601280754
1838.64028870765074107079964477
1840.19556347335736310672749714
1841.47858257064339425708222663
1842.87595527866722144572671544
1843.77105774306912045656105669
1844.75904365009588892706881275
1845.41753414642452918483594587
1846.35325342051641660218940402
1848.33098062238373143341537245
1848.72276091089086640439083423
1850.60118404765146365987944188
1851.40036199458977920391437085
1852.34220473338627723630251131
1853.51934292098950377793786112
1854.855632115986727770019345
1855.59293493705546731787071727
1856.38917915352385446758373109
1857.49807481488018603013174571
1859.49527156879445997838504403
1860.54138810933681348134676696
1861.37967154723285346252834993
1862.12146492894421488154690133
1863.42546484509648600656312539
1864.35398133574625137553128064
1865.36743379405789010567829061
1866.83654701860819133992945734
1868.08519099860922436600937847
1868.70674568440811751967084944
1870.42147176831079015170899115
1871.41604309840714532601977639
1872.44156642819271758850882662
1872.86566763796768000989191665
1874.50836141266013533841859313
1874.91377401003954146858800848
1877.09506416733977461243961647
1878.02225148275347109890181468
1879.15330309046132857173681468
1880.08232541899437976330118718
1880.61176647965686741416814596
1882.32197479738468405781189095
1883.40872426951836603071816583
1884.00577834966714235678843837
1885.19807513025812287600711124
1887.05389480689012423246848165
1887.80884141683212952716247485
1888.93818263657945499954985084
1890.34812861424454559739640094
1890.61212858793326093081362914
1891.67851053972878785125110067
1892.86770133579111534110017064
1894.55853757242968718731084049
1895.6971556535845632965894956
1896.58549434716890117528902317
1897.5136928597119740939513821
1898.8293728186794821098160636
1900.00614482914399661055164481
1900.57188427241483383161941351
1901.89130575060006508056805637
1902.80505920668006298335391324
1904.08932532335174208897918538
1906.10275619818195650204662985
1906.59767800376621539360392342
1907.33278012390992634603714183
1908.43306304505175222975346756
1909.46593002598238025395599641
1910.73365961589159647779500891
1911.70469094317215862832155437
1913.18248977588307681363987979
1914.35230005167405267726945795
1915.05462933334721857091584182
1916.6063718395193537904150379
1917.34470404156634552291535365
1918.78649890985678898672134264
1919.20777839780523826396952857
1919.93745737121720389659361572
1922.10162562199370344218901036
1923.28083793641744205752968581
1924.05583110144084951951002425
1925.23198797540652941198336327
1926.2115830798940784583632847
1926.82009279487157674461664759
1928.41751854951944785883422418
1929.48756018057648998725913921
1930.25838718038732579702653184
1931.76006943652461401137792948
1932.8757545499469177788367509
1934.41643636915190341641291941
1934.90794343436569751001757081
1935.92484880374569484452689583
1936.87309381427890238671110221
1937.96863349801995771964771604
1939.05002915054412571681447364
1940.97732670585993599300231611
1941.82286221578023295089279467
1942.63356869224615091457271998
1943.36794744925274910700673275
1945.15379630636795958425128519
1945.92271694948332718631295419
1946.60994536187741031127988085
1947.9170477377036040799135656
1949.03003007360655073692982159
1950.74320155286315859842969262
1951.53669587305491039838488257
1952.85012921186575327611994846
1953.44855632513577005282072556
1954.41858817521411679011221149
1955.31580928371838868603713705
1956.84816457821550855463660227
1958.31440355512035856496489429
1958.85188346319481384647042661
1960.41884526938179676484812522
1961.35927788001437950830018904
1962.23357184857979807258039535
1963.62118457320206907943579409
1964.35739093809559720978424382
1965.37782950510385703039431795
1966.11765857407452647416076735
1968.47160201942044185281062252
1969.04761754652782861505475517
1970.30500951703376140728622916
1970.85554757994594430891500567
1971.97031280481138664025491902
1973.18266340593867969173104187
1974.34720191012008525870464045
1975.08061030226699355602765955
1977.17394369803987901837668418
1977.27144619974651074169663151
1978.80144816773152963153865088
1980.37177228705133692713011923
1980.91004309102423325504438073
1981.748768897263483740319955
1982.6632791952765140241339311
1983.92380462226065967109831811
1985.41654017452674022185557053
1986.75710771641519797068435721
1987.87347336072431737889026753
1988.25187680735576602076475043
1989.70200270802161892646262321
1990.47835252642699164673648917
1992.00170639352790271547735669
1992.78498787515757278173655209
1993.57749313825998463942909025
1995.16873961188853774810673101
1996.79617696618820690532336213
1997.39091405961144931191475288
1998.27900692598482242216211133
1999.54576417626758890384329722
2000.43451530243224677689433647
2000.92962068918455514409812594
2002.896408374361740688187683
2004.13966923327013495865581943
2005.07784812409875913062327331
2005.90093488578571089924346719
2007.12518017030112589534090378
2008.41824033026227167937357634
2009.17663412294958983442897925
2010.15332476755932640844316331
2011.02070507365005757108411672
2012.53893547742174533235831914
2013.87209771399082626479887076
2015.18672860870628290959218013
2016.02963803237539352338410025
2016.80007565584573253799264423
2017.38676725196155801138464006
2019.2646002160640997613941571
2019.88436713975529305350154255
2021.1960427688927880243795837
2022.54561768468826602996986911
2023.57291177710074784827168023
2024.48826215795125029737869249
2025.87890620248156098977190063
2026.73825891215209765390917476
2027.57331705599754241233686803
2028.58245935403995163188966792
2029.38547955096664737916845295
2031.75055069061873696445425304
2032.42078085628643022469859492
2033.01789274566981581016957121
2034.55482878895616508657417942
2035.0774400963040779760935055
2036.52752648337032671654093077
2037.21711109434089156312456689
2038.84173825086775015585659625
2039.44321874010445184951999201
2040.83911967313822388782476295
2042.34458625060420889786219564
2043.21711656332396447892131734
2044.12159329166749542513858615
2045.03732085981482092543135052
2045.80276043156193542844453362
2047.09833634560713227460924675
2048.45409406616111239330610399
2049.847525605716069264195001
2050.9060553846845483813769893
2051.71838819625631916191976245
2052.4077901924010178674052522
2054.05991689848573425842844695
2055.18026732616666128272341758
2055.57260289904887217876021132
2056.62086668989377928987455151
2058.45065111890613612817358018
2059.44802174377145896660438039
2060.86824720810796837576255789
2061.36705920203188972061940192
2062.57265091997839409183186815
2063.28355949838076314858380012
2064.30486769963414808315493753
2065.83267228191146470768324342
2066.98522937798528735123162878
2068.34563852737009471579420323
2068.66994108281269416177589722
2070.50471759344597515511077313
2071.37708316975859644990897476
2071.99045481476078709957306987
2073.39760371576840662721589329
2074.17106490215248726422244021
2075.02806554483215663320340037
2077.11757013687720702200205909
2078.15548463921428407554820483
2078.93928811487690236881218512
2079.56762846189322735722700503
2080.9103434575612879221341806
2081.79968656357714613611347938
2083.30027685882797571083782289
2083.77999255016739758436496627
2085.38981369228598667559112573
2086.58031853438142152199795221
2087.47334098785801634805009501
2088.71228119873258118941839928
2090.03620675701694157350419814
2090.44755002741586693822701844
2091.22158066113126363686949233
2092.473218110071891742317606
2094.33591746863195515482918816
2095.13825666029482366928333992
2096.34652997925258852850292645
2097.37160635719289453927065089
2097.95192219988703963541473215
2099.31165126506134746351006516
2100.59374523686124066383409478
2101.13548945910841491827308612
2102.5351002152977009581088743
2103.3904548087140393485147563
2105.37220659179989777338879528
2105.99470433928624167688401875
2107.17236243244334146970539116
2107.61791140751432779427569032
2108.93838488901533559798794906
2109.96314318126758202243798531
2110.82237184813182201746560885
2112.9070875231907777138591483
2113.48396644843080128496793007
2114.39613732588999238597794136
2115.50660279468411445351993306
2116.90005606839472757385386047
2117.72239944136297807889766011
2118.61864621702926271315192909
2119.45642846893927668416770688
2120.69156259184395054279159935
2122.4651511749283624156173566
2123.34404230346249932483527966
2124.37036873756887820036555731
2125.51240002915193922174118232
2125.95878484037330539525394991
2126.97571119255798896267972324
2128.75229055426283664524459429
2129.40608022832844299753879511
2130.55510228323591668501480322
2132.08062099294264317118081957
2132.79851646788415464498500386
2134.15493398503792417245506802
2134.95077250431567212892003267
2136.08689752470321371169695953
2136.96747054847187035907292671
2137.50994052591091357581267866
2139.38075998520110757748973498
2140.94936263909704058820516683
2141.71003596038995035497484246
2142.35504319603538526758699658
2143.37444418053788559529235053
2144.8953374313604286933147138
2145.5057537341808240396272197
2146.62589447551151782701701733
2147.78536734563083385522048787
2149.15184938288922188628906761
2149.91063985810211900547801032
2151.776885116465025947985794
2152.39022659691965511243286562
2153.01196416538652863909943277
2154.26362395232033602867507465
2154.9353458482254731232733046
2156.39472725568168922944268092
2157.85648956535312703211131472
2158.87807229108320448817419178
2159.90228601717049248115502475
2160.85306232818419126062156266
2161.69217218920953165079608036
2163.10712228573238034266844829
2164.04972035635735027350600995
2165.01143717431429577524810111
2165.50394902337574421070230592
2167.69344425474684803418557866
2168.89061585185398238304136434
2169.26382928336495507155724138
2170.78707497301573661150297459
2171.39636192649469162565273938
2172.25096282751632640702884574
2173.52829696931661215421666629
2174.74502080347664552670477978
2176.20411946621563837348261976
2176.93945169897740598422453623
2178.00420915476112438659433825
2179.23218502974718748363087171
2180.49531825927878074433988778
2181.25236701068176836123544721
2181.72578302981956181258832736
2183.33058401727993762706976352
2184.10319076068053492482855691
2185.96552832068310900449293808
2187.08569095937252108857543081
2187.79845587782789904143096798
2188.55876320308854323225996331
2189.49707290260539162920673825
2191.0933630457492756496607711
2191.77801740050798868886289081
2192.82677053986120874691838724
2194.23153005044970056211776139
2195.23168768125578497387006244
2196.71597766675854354094451822
2197.25874704020590449114555093
2198.68751268436752233365683501
2199.302965320969583610066964
2200.35102091326304842746248478
2200.91595302555182450469419866
2203.27745373064601134218075091
2203.90636458377354814689714675
2204.99780175483010794910457815
2205.85576124554392052944932477
2207.17216191495222028888763647
2207.80274133673695473074585888
2209.15374440026325807414634152
2210.20801498925036444937002701
2210.85094109929616673920401418
2212.34356840003640434986952509
2213.70025624843609045933479307
2214.94992563209249577263285302
2215.82056569064555503271002161
2216.29637588764519342866678739
2217.4693751162251934325258591
2218.52100691339529626851662663
2219.7998156983610617895498454
2220.8521588489141826076074107
2222.63660458809746785689626028
2223.05505791881040797303635533
2223.77777250721452997882088406
2225.56464511716942600522988432
2226.33273440557558713270485197
2227.24622937659537653218744584
2227.97057388225630937983341301
2229.12795891012330393927338627
2230.89869085621724862939231648
2231.97715407407331400607396369
2232.92485386896618177842659049
2233.72022225031290619076692027
2234.81493453132690001430045432
2235.54666213560006318854272304
2236.77364384509983578110697755
2238.15479951929761539655282677
2239.16774396023665946447044077
2240.02120947047109639931061347
2241.53618652376640205207295709
2242.62118015937948108058905576
2243.37366841896199853576365094
2244.37070170043033860905932306
2245.56528653127134223498504667
2246.01655817828562696809959089
2247.36443125122939202247859513
2249.55019857353709265835924526
2249.77076655272396127649258383
2251.04664194155316631628364549
2251.84531833869339935792020057
2252.67843267383885658141090374
2254.56224699438955310846250735
2254.75907900130399529745266816
2255.82456557153694123840809775
2257.34638468313280066056537669
2258.50184729114583816948946593
2259.51784205738427398298094027
2260.89025941680026512119096881
2261.66006444948109901122366197
2262.67443064820979953870192211
2262.87830538116111223015122875
2264.67639970577024663819374642
2265.76844611546944778888273279
2267.38450106754403583223365572
2267.87917533716606987394625367
2269.22699826160955065923724862
2269.91910321683834684838811168
2271.32628246806638137130588976
2272.04901570123765846044131744
2273.34753405316447427479233846
2273.95628914594305605551219493
2275.06866477597133350960263676
2277.07931775662352306280751661
2278.01262839330538098086364756
2278.52594215578419174696041835
2279.50730584111949375473219642
2280.87071985258620926001921282
2281.35648361454629358952487163
2282.69037513764789234896152888
2284.05601145935137786203585884
2285.22224236486650387529673902
2286.14981414056405416864591095
2287.04615867101060416601039307
2288.57884944576462636987385098
2289.33628471013415010662046899
2290.24145821085573124956725512
2291.0976636121120119325135079
2291.92890125249055718019168517
2293.89614510608675668145086512
2294.68791841171431143995719788
2296.11509118833034611529490569
2296.99852247251512663393246953
2297.37264757980959394883446593
2298.61236336566020566688487946
2299.96157762008968675462313977
2301.23412579883090295774306675
2301.45484035172846447886604125
2303.29548198257322304466990663
2304.30513867037453359711282096
2305.50835678868196857496746142
2306.51773307000353510632204291
2307.35555337047808313385331567
2308.21028463476467901254488354
2309.37035823952911702346928813
2309.93112238418362292454456524
2312.0479964496107435730258578
2313.19091417074789932830942323
2313.68935996722396040792344197
2314.62118211359416187708639574
2316.04945471998882915500535863
2316.96249450484077251244438267
2317.85153186427704030342418579
2318.826035336430148359696322
2320.0885232040272576457968014
2320.94953162865960516512046973
2322.81263260669333425653235818
2323.53427424076605971483752745
2324.51245523225838895456243535
2325.55709649176545391764188265
2325.90301592751310774849567427
2327.37685581969956106051207708
2328.63487510116860926848006516
2329.70572340644955569077952508
2331.01311028957289302747731758
2331.94270780640276783381238682
2332.98776543277501768426811513
2333.7208633737822827477642496
2335.53171257445095636188859115
2335.86715380564978136353775015
2336.62103678623872133951637056
2337.76173015882069686319587418
2339.61568389598262019678150319
2340.82672670664448142480693928
2341.32459618621548666204481783
2342.65404165846926380878380916
2343.25915895500886015289937959
2344.31121623615175782470572031
2345.57048363447381664583384191
2346.46411952978781111417893188
2347.9342546417236744060792124
2348.84342363345568012482822494
2349.73005425783787670614385788
2351.4550469278512318549493256
2352.19570150253646458952531761
2352.75087007545459098510291438
2353.91213585235305929797033788
2354.95108123500818408221798962
2355.81081397829061535611688132
2357.60831592024748578927931557
2358.90470519841557900043700115
2359.43485907643986683513286601
2360.31428508952633865152392441
2361.34254164193263156333453485
2362.71831792292138103333802387
2363.49561765411863386755964258
2364.75117608911701011122334514
2365.19151506413191656457935589
2367.249219842959468477894333
2367.95770182315585910536568479
2369.22057776739903202633222345
2370.09339028423216938927126824
2371.10074792972167348980868861
2371.93813779461010815087123572
2372.44034726005584373975990408
2374.44423071781665028850033976
2375.5439670373722488997735659
2376.35546351556018974849090887
2377.7554079140127990160831592
2378.21296167966215731589909973
2379.72650294996582224238796552
2380.5456572187362593069949795
2381.5001237104375297310553635
2382.53083056636640218174410901
2383.35601391598086947006702706
2384.96507164118246972620968201
2386.43093710950389028981346062
2387.2990841223365147575604364
2387.81356855607803728679757675
2388.74820763549317641553510764
2389.9559881136661570047358803
2391.26054987240339947892244095
2391.75498233662277277813319367
2393.63059329169985533190178635
2394.48536785604649401564971588
2395.27016999464709217243733779
2396.60387876261607158176359602
2397.79164376177376350307625296
2398.55831138253267115835659314
2399.43383290578527012166445202
2400.15235652213145719488669917
2401.48299837577178065116547976
2403.41879844534520389161575795
2403.97531514896750749364053163
2404.92159348976999756921390114
2406.25398871828948526086363957
2406.73285118210950844364552265
2407.71591042226990727928937084
2409.44150235241954034514462099
2409.88160268287958825385968839
2411.12619338077742136906948346
2412.2229358372840416707892826
2413.97612319498340860647470738
2414.37987980127049587105420964
2415.57689346599410581242214025
2416.53405462770393930037330426
2417.27808742177219310897199834
2418.22944326735738746036743777
2419.50791716307124546349652304
2421.1429439933281788871327654
2422.15208492510950878127426933
2422.99623012348690786128870492
2423.50414688871613941424909139
2425.12476021255672447546371645
2426.19343754166830047356777767
2426.9070642937536451278175946
2427.64089694859298225641425591
2429.18559599025692249133825828
2430.26581263594440306875245438
2431.61113509625393038358189014
2432.72756929925475663114794614
2433.70589680470380893428989231
2433.91687323768418301559801742
2435.34889436469455970209142547
2436.19160037509103639537919095
2437.79407610782604984189650384
2438.67179079404418020053603948
2439.92712721867227605892571848
2440.82616029063525474838946137
2441.92983654999840952846701601
2443.03356005818513233183665133
2443.77543639619972932747371246
2445.15438101522041942202858264
2445.74495210115490037073305972
2446.39852330611024760553075918
2448.98831228603510535508038531
2449.23103200929253339259877555
2450.50365058010811910252843329
2451.18170831008444922134909678
2452.2833657412138906260284457
2453.25748581208404486787163208
2454.30056184178992349267330678
2455.48228838352592395283540113
2456.51455184128855333061192027
2457.90799909021854468400562747
2458.54679983712801340841361658
2460.01357946550619149825041247
2461.2022953745062000462680284
2461.73162864804139269721179549
2462.4642949138537636291148573
2463.56966729501634784354518665
2464.92781636122340855991071805
2466.18309701319272340621792422
2467.64086078377902469819037826
2468.18681630111524323846325126
2469.33626389249748922952295783
2469.78148503152402430908619091
2471.53929774199671694863020502
2472.33641758948227106736968349
2473.10712473464504219483372112
2474.23784973439367951118074117
2475.53935386100276676985724969
2477.02175509610459415657788723
2478.01485402480940524209462935
2478.39759758312502044048772362
2479.97735198087075412242686546
2480.43360698509207292776643489
2481.35676728035894459721349293
2482.68341151871599923225987298
2484.50323827474464336636354571
2485.08759053741986651079704036
2485.78562071239275224064255559
2487.3338364427260220668139054
2488.11383175419305437983839619
2489.26115745163711674296622346
2490.05109051574678980935576832
2491.10551642182070481830282388
2491.90747393429284264492352696
2493.48929544912321722750075262
2494.86617782825522097308747158
2495.84684041950164275547472606
2496.48533670282326824561533149
2497.64846524660193454986123194
2497.96997396675226239679550325
2499.86204282125506568639210531
2500.56438641231744934117283757
2501.57774467243353946446953897
2503.18522721208680164253286869
2504.00893365858364117576443493
2504.77215251121202792635242898
2506.30535193730769566171125887
2507.15188564767558917230872614
2507.87103957974336197471201635
2508.7660461038266224089676671
2509.65299744137942169372942996
2511.66018978718668365547605453
2512.53822098520254480861100408
2513.5795170214648545945730755
2514.25985905977367790664513151
2515.28648292471288003818988652
